<fileType>calcConc
<type>0
<startTime>4320
<compartment>0
<stat>median
<data>31.704	30.7665	28.2626	25.7324	23.203	21.0518	19.0956	17.3205	15.6055	14.1297	12.7992	11.6129	10.5731	9.54064	8.72265	7.84353	7.15811	6.513	5.88294	5.37788	4.9036	4.44335	4.04965	3.72707	34.9479	33.573	31.0525	28.1914	25.486	23.1892	20.9473	19.0056	17.1967	15.4715	14.1342	12.7828	11.6295	10.5764	9.50309	8.73424	7.93843	7.23689	6.638	6.05059	5.47145	5.06547	4.53337	4.21444	35.4093	34.2035	31.422	28.688	25.9683	23.5729	21.3078	19.2777	17.4458	15.8546	14.3892	13.051	11.8243	10.6963	9.8267	8.89058	8.06215	7.33909	6.6337	6.22509	5.58561	5.02854	4.60158	4.23721	35.5078	34.2377	31.4126	28.6333	26.0405	23.5957	21.2834	19.3604	17.5279	15.8847	14.3222	13.1645	11.9141	10.6851	9.7989	8.98024	8.15304	7.45736	6.76111	6.22194	5.71595	5.12684	4.74919	4.25292	35.6369	34.3273	31.6047	28.6412	26.044	23.5196	21.3187	19.3004	17.4707	15.8877	14.4134	13.1272	11.8008	10.8706	9.72693	8.82318	8.22377	7.36277	6.79249	6.07426	5.59552	5.1488	4.75722	4.33966	35.5913	34.3575	31.5775	28.5684	25.9449	23.5492	21.3034	19.2529	17.5804	15.8891	14.4245	13.0973	11.7443	10.8281	9.80105	8.95948	8.13674	7.41568	6.75122	6.11972	5.62491	5.10906	4.64847	4.28803	35.4633	34.2733	31.5522	28.6517	26.0277	23.5833	21.2858	19.3935	17.5244	15.8589	14.3917	13.0927	11.9006	10.7806	9.83775	8.85116	8.14631	7.36134	6.6914	6.08524	5.55992	5.07496	4.75552	4.33279	35.7134	34.4557	31.5214	28.8343	25.9415	23.6165	21.4866	19.2709	17.5644	15.9933	14.3886	13.0245	11.853	10.7754	9.96942	8.9152	8.10689	7.44842	6.78023	6.23394	5.60231	5.11422	4.70989	4.26999	35.5749	34.3754	31.298	28.7039	25.8864	23.4883	21.1511	19.2048	17.4617	15.849	14.4981	13.1051	11.8693	10.7569	9.7745	8.90567	8.0897	7.34653	6.65281	6.12452	5.51013	5.21319	4.64734	4.25558	35.5578	34.312	31.4762	28.6702	26.122	23.6325	21.4213	19.4301	17.5702	16.0369	14.4666	13.0279	11.8126	10.6585	9.89778	8.7852	8.09818	7.44135	6.75583	6.14795	5.66967	5.09467	4.79814	4.29029	35.6837	34.3515	31.2972	28.7833	25.9293	23.6439	21.3618	19.3855	17.6329	15.919	14.3955	13.1346	11.8384	10.8734	9.82427	9.01799	8.08844	7.49915	6.78236	6.09432	5.5168	5.08685	4.72647	4.30347	35.6253	34.2437	31.546	28.6576	25.9218	23.4975	21.3217	19.4381	17.5679	15.9271	14.4905	13.0667	11.8845	10.7471	9.77489	8.88822	8.09229	7.35229	6.80224	6.18252	5.50479	5.14514	4.70805	4.33252	35.617	34.1366	31.4375	28.7316	25.9076	23.4345	21.3442	19.3774	17.4655	15.7677	14.3898	12.9196	11.8941	10.7957	9.79073	8.90964	8.09109	7.35998	6.797	6.1352	5.62854	5.08264	4.6956	4.26279	35.3716	34.2877	31.5178	28.594	26.0111	23.6221	21.1784	19.3342	17.4591	15.888	14.461	13.0816	11.8099	10.7337	9.85825	8.90536	8.08667	7.25878	6.79694	6.1604	5.55448	5.07	4.57674	4.28751	35.671	34.4659	31.4212	28.7691	25.9987	23.5927	21.4283	19.2815	17.467	16.0052	14.2667	13.0894	11.8422	10.8378	9.87381	8.96996	8.03441	7.44088	6.74883	6.16394	5.66953	5.14503	4.64811	4.25769	35.7055	34.2488	31.5945	28.6921	26.1052	23.5904	21.4138	19.3479	17.5685	15.8878	14.5311	13.1138	11.8791	10.7295	9.66508	8.92509	8.10477	7.40611	6.87628	6.12112	5.64613	5.12847	4.62119	4.26496	35.6392	34.3651	31.4636	28.8746	26.1637	23.6497	21.1745	19.2575	17.5642	15.864	14.294	13.0512	11.9108	10.841	9.76138	8.8947	8.14382	7.41255	6.77625	6.13502	5.59832	5.19765	4.5772	4.25591	35.4786	34.228	31.4179	28.6888	25.956	23.5426	21.4147	19.3753	17.5178	15.9076	14.3531	13.0975	11.8352	10.7791	9.81474	8.96338	8.0452	7.42066	6.67413	6.10214	5.63156	5.10733	4.58251	4.20511	35.5978	34.3306	31.6903	28.8783	26.1061	23.6747	21.3309	19.3687	17.5783	15.9789	14.4446	12.9985	11.7773	10.8072	9.81332	9.02289	8.20394	7.47147	6.68468	6.13061	5.4802	5.04114	4.73486	4.31825	35.5637	34.2687	31.4167	28.5011	25.8978	23.5595	21.346	19.2515	17.4476	15.81	14.3864	12.9744	11.8061	10.7652	9.72726	8.89419	8.06129	7.37066	6.70679	6.15821	5.60198	5.18326	4.66606	4.26988	35.5612	34.1861	31.4312	28.6783	25.9326	23.5062	21.2576	19.419	17.5501	15.9889	14.4362	13.0245	11.9763	10.7812	9.70993	9.06243	8.10584	7.47586	6.79766	6.16939	5.58033	5.06966	4.69309	4.26279	35.583	34.3002	31.5409	28.6099	25.9917	23.5675	21.4498	19.3274	17.6769	15.8603	14.3753	13.1654	11.9087	10.7391	9.95609	8.92506	8.1622	7.43385	6.83105	6.16036	5.60618	5.14125	4.79642	4.28503	35.6846	34.2383	31.571	28.6632	25.9706	23.4737	21.198	19.3014	17.5952	15.859	14.362	13.0613	11.8709	10.7005	9.75072	8.78477	8.12074	7.37245	6.65231	6.12248	5.6045	5.02965	4.68168	4.24532	35.5805	34.2047	31.461	28.6328	26.0598	23.4924	21.3757	19.3231	17.6127	15.9125	14.3712	13.1152	11.9492	10.7001	9.80004	8.87329	8.1066	7.38883	6.75438	6.09488	5.60642	5.0728	4.6245	4.3103	35.7364	34.2907	31.5619	28.6554	26.0448	23.5847	21.334	19.4511	17.5949	15.8347	14.5232	13.1064	11.9611	10.857	9.89272	8.87225	8.05758	7.37437	6.74972	6.08993	5.58187	5.09295	4.71315	4.35394	35.6139	34.3629	31.5447	28.6334	25.9331	23.5075	21.3168	19.4002	17.5889	15.8958	14.3928	12.9852	11.9454	10.8335	9.85229	8.92117	8.18062	7.39948	6.74413	6.1346	5.68665	5.15564	4.64847	4.31307	35.5656	34.2355	31.4727	28.7331	26.0176	23.4103	21.2732	19.3176	17.5054	15.8748	14.4016	13.1486	11.9607	10.7734	9.90911	8.95593	8.07777	7.44905	6.7823	6.15307	5.64804	5.1902	4.80333	4.24748	35.6348	34.186	31.5206	28.6614	25.9523	23.5361	21.3736	19.2292	17.5376	15.9825	14.4004	13.0741	11.8554	10.747	9.76464	8.94156	8.11649	7.34526	6.71057	6.13916	5.54688	5.05493	4.59588	4.20959	35.4943	34.133	31.4991	28.5339	25.8483	23.5383	21.3105	19.2954	17.4016	15.8312	14.3625	13.1085	11.8227	10.7958	9.78682	8.8664	8.06387	7.45718	6.66458	6.13333	5.56938	5.1148	4.68142	4.22785	35.6792	34.3707	31.605	28.6218	26.0695	23.6836	21.4027	19.2728	17.6111	15.977	14.4881	13.1526	11.763	10.7745	9.85453	9.05461	8.15748	7.47178	6.79449	6.16601	5.61256	5.16431	4.68188	4.23305	
<type>0
<startTime>4320
<compartment>1
<stat>median
<data>26.2769	25.6874	23.6978	21.5731	19.4544	17.7146	16.0031	14.4914	13.1123	11.8786	10.7347	9.73965	8.88663	7.98358	7.3033	6.64466	5.9788	5.48263	5.02608	4.52624	4.11852	3.77764	3.45362	3.11906	28.8827	28.1106	25.9087	23.5818	21.4621	19.3618	17.623	15.9715	14.3923	13.1056	11.8632	10.6994	9.69766	8.81659	8.07157	7.34401	6.69156	6.14703	5.55103	5.00066	4.60431	4.22028	3.79648	3.47267	29.5236	28.622	26.3209	24.0261	21.8254	19.8352	18.0058	16.0915	14.7697	13.3058	12.0266	10.9715	9.94871	9.06997	8.2264	7.5718	6.79371	6.14444	5.61036	5.05584	4.69084	4.28931	3.96523	3.61214	29.5717	28.7449	26.3343	24.1155	21.7663	19.7799	17.8777	16.2558	14.8259	13.301	12.184	11.0151	9.98925	9.01759	8.23108	7.50099	6.85118	6.24858	5.67911	5.18278	4.72503	4.31558	3.94353	3.54935	29.5375	28.6449	26.3717	23.9937	21.8283	19.7337	17.8295	16.2822	14.7087	13.3123	12.1381	11.0438	9.94749	9.08847	8.30836	7.51311	6.81356	6.25823	5.69777	5.2126	4.74036	4.26842	3.94816	3.57433	29.5982	28.5143	26.358	24.0705	21.8411	19.8696	17.9954	16.3458	14.709	13.3437	12.234	10.9238	9.93622	9.11121	8.19335	7.53795	6.80328	6.19345	5.6002	5.19959	4.67366	4.24806	3.89542	3.56879	29.5666	28.5987	26.402	23.9143	21.7677	19.7407	17.8583	16.2132	14.7687	13.2875	12.165	10.9596	9.96609	9.06011	8.20757	7.4665	6.79737	6.19536	5.6324	5.08152	4.71318	4.29907	3.91648	3.54388	29.6646	28.6459	26.3738	24.1117	21.8065	19.7949	18.1056	16.2046	14.78	13.449	12.1274	11.0158	10.0384	9.08055	8.22068	7.50704	6.89656	6.31528	5.63928	5.17009	4.74397	4.32714	3.91109	3.56322	29.5879	28.6391	26.3577	23.9426	21.9646	19.6853	17.9859	16.1925	14.6848	13.3583	12.1844	10.9386	9.8941	9.07618	8.29734	7.417	6.83773	6.21094	5.68213	5.15358	4.73406	4.27368	3.90047	3.60933	29.6228	28.6578	26.4749	24.1002	21.8917	19.8534	17.9812	16.3414	14.7211	13.3861	12.1938	11.0216	10.0128	9.12011	8.28698	7.57974	6.79078	6.14661	5.62364	5.1638	4.69241	4.28405	3.95347	3.62042	29.5066	28.6894	26.4419	24.1091	21.8236	19.7981	17.9527	16.2507	14.7225	13.3281	12.1206	11.104	10.0038	9.17834	8.31659	7.57238	6.84189	6.26971	5.65085	5.18956	4.72258	4.29067	3.96117	3.5845	29.5883	28.5788	26.3562	24.0059	21.6932	19.7549	18.0271	16.2265	14.7583	13.3411	12.1211	10.8995	9.9313	9.09684	8.21421	7.45167	6.8571	6.20778	5.61846	5.17469	4.75824	4.32205	3.91399	3.57653	29.4858	28.6287	26.2923	23.9705	21.8961	19.7051	17.8601	16.2965	14.7217	13.3779	12.0232	10.9972	9.95129	9.00341	8.18999	7.48476	6.90758	6.14945	5.59664	5.09627	4.67441	4.28101	3.90176	3.54654	29.4453	28.5408	26.2717	24.0516	21.7591	19.7964	17.8669	16.0406	14.7045	13.3917	12.0576	11.0387	9.9017	9.04417	8.2661	7.51413	6.72673	6.1629	5.58486	5.14077	4.63767	4.2887	3.88039	3.56256	29.4764	28.6921	26.3559	24.1179	21.8439	19.6503	17.8506	16.1788	14.7558	13.3876	12.1412	10.9614	9.96014	9.01605	8.23191	7.49289	6.80347	6.19212	5.72492	5.14409	4.6898	4.30071	3.95034	3.55698	29.5339	28.6419	26.4277	24.0685	21.8609	19.7534	17.9417	16.1853	14.7168	13.2851	12.0188	10.9772	10.0086	9.11597	8.27296	7.44824	6.82245	6.17578	5.74381	5.0668	4.67294	4.25069	3.911	3.50196	29.5997	28.6216	26.378	24.0586	21.8783	19.7537	17.9927	16.2521	14.6874	13.2865	12.2183	10.8581	9.98722	9.04752	8.30911	7.49798	6.8431	6.20452	5.64207	5.14731	4.69783	4.28632	3.91266	3.60686	29.4639	28.6444	26.4162	24.0362	21.7741	19.6599	17.8425	16.197	14.7348	13.2349	12.1097	10.8607	9.91913	9.03348	8.32326	7.53921	6.82068	6.14988	5.69987	5.19761	4.73336	4.27601	3.87841	3.56971	29.7012	28.7214	26.4503	24.0389	21.8627	19.8845	18.0105	16.2551	14.7234	13.2684	12.118	11.0138	10.0444	9.07657	8.16419	7.46556	6.76171	6.30437	5.64967	5.18681	4.69184	4.3018	3.9059	3.58542	29.5197	28.669	26.4213	24.0137	21.8441	19.883	17.8798	16.332	14.5561	13.3299	12.0463	10.9538	9.91295	9.12948	8.1952	7.5	6.81488	6.23757	5.65699	5.14883	4.71732	4.28542	3.90596	3.57242	29.5349	28.65	26.4082	23.9198	21.8007	19.7934	17.9151	16.3446	14.6953	13.4003	11.9856	10.9801	9.94521	9.13949	8.21253	7.45627	6.8556	6.26606	5.64968	5.21903	4.71803	4.29942	3.93088	3.53152	29.5266	28.624	26.4597	24.0646	21.9532	19.8029	17.9802	16.1661	14.8282	13.3019	12.1	10.9691	9.95832	9.19098	8.26969	7.5385	6.76925	6.16664	5.65765	5.16237	4.71902	4.31482	3.97881	3.58995	29.5894	28.5963	26.4647	24.0554	21.7229	19.7862	17.7902	16.1508	14.7896	13.3154	11.9741	11.1052	9.88198	9.00322	8.21606	7.46196	6.77118	6.2304	5.56625	5.20449	4.70584	4.24409	3.86526	3.53067	29.3882	28.5598	26.4921	24.0427	21.9388	19.7033	17.992	16.2283	14.8021	13.3522	12.0568	10.9302	9.99217	8.96119	8.20197	7.49102	6.80034	6.19143	5.64443	5.06228	4.66879	4.18703	3.82498	3.58595	29.4655	28.6946	26.3638	24.1012	21.8345	19.8307	17.9322	16.2947	14.8279	13.2656	12.0927	11.0108	9.91282	9.13779	8.21201	7.53526	6.83865	6.27128	5.67736	5.16785	4.68445	4.33296	3.91726	3.60463	29.6843	28.6875	26.4107	24.0543	21.8587	19.7663	17.9127	16.278	14.8094	13.3151	12.106	11.0033	9.96345	8.97022	8.22189	7.46504	6.82802	6.19394	5.65617	5.19705	4.68452	4.31053	3.95556	3.55708	29.4434	28.5945	26.5763	24.066	21.9763	19.8151	17.9557	16.2368	14.7674	13.3098	12.0821	11.0045	9.99167	9.07005	8.22908	7.48793	6.85639	6.25347	5.62388	5.22368	4.68637	4.29833	3.94371	3.54199	29.5302	28.6023	26.414	24.0115	21.7542	19.7468	17.8833	16.3004	14.664	13.3303	12.1392	10.9335	10.0621	9.09393	8.23705	7.52822	6.85332	6.14334	5.6274	5.11342	4.66277	4.28223	3.88687	3.514	29.5966	28.5312	26.3096	23.9837	21.8213	19.8264	17.9077	16.1698	14.6314	13.2776	12.0722	10.8808	9.95919	9.06274	8.27433	7.54124	6.80724	6.23991	5.61201	5.15808	4.6741	4.26315	3.92098	3.58332	29.7454	28.707	26.4281	24.1798	21.9247	19.8671	17.8628	16.245	14.6834	13.4091	12.1037	11.1137	10.069	9.10561	8.32725	7.55732	6.8738	6.24941	5.68793	5.15231	4.72889	4.24845	3.96402	3.63846	
<type>0
<startTime>4320
<compartment>2
<stat>median
<data>39.7655	38.3155	35.3253	32.1031	29.065	26.2888	23.7745	21.5693	19.4867	17.5879	16.117	14.4917	13.0873	11.8208	10.8417	9.86829	8.89208	8.17105	7.41587	6.77042	6.05187	5.59087	5.07839	4.68968	43.6963	41.9885	38.8354	35.2424	31.9521	29.0528	26.2287	23.6276	21.3975	19.4011	17.6955	16.055	14.3878	13.188	12.0521	10.9889	9.87425	9.06338	8.21819	7.53519	6.83946	6.23318	5.76942	5.16361	44.6291	42.9584	39.3286	35.7812	32.3877	29.4003	26.5525	24.3178	21.8696	19.8893	17.7754	16.1969	14.6797	13.3269	12.254	11.0325	10.0338	9.16887	8.31115	7.63954	6.94639	6.41197	5.84891	5.24292	44.4846	42.8936	39.2575	35.9341	32.5599	29.3982	26.7733	24.0968	21.8429	19.9439	18.0652	16.4032	14.9551	13.4128	12.2594	11.2683	10.2336	9.17692	8.47517	7.62776	6.97271	6.45881	5.83803	5.46303	44.5471	42.7479	39.4412	35.8032	32.5658	29.2679	26.6037	24.1215	21.8338	19.7858	18.1199	16.4287	14.923	13.5793	12.1229	11.294	10.0965	9.31378	8.36208	7.88804	7.0174	6.41627	5.89871	5.33461	44.4587	42.6657	39.3465	35.9849	32.6542	29.5053	26.6351	24.2589	21.8531	19.7097	18.0732	16.1834	14.7271	13.5267	12.1399	11.1971	10.2869	9.11145	8.50783	7.576	7.05953	6.34528	5.89772	5.32765	44.2909	42.9314	39.1187	35.7281	32.5053	29.4444	26.5248	24.1412	21.7328	19.8507	18.0631	16.3344	14.793	13.5489	12.2396	11.2651	10.0828	9.15026	8.26766	7.73777	6.94445	6.3925	5.82528	5.32724	44.7881	42.7406	39.6415	35.8032	32.6386	29.6845	26.7547	24.1372	22.0858	19.7981	17.9247	16.4351	14.9217	13.5311	12.3675	11.1773	10.2293	9.21828	8.49919	7.63667	7.04791	6.46098	5.85641	5.26151	44.5665	42.9004	39.4031	35.7028	32.3881	29.4726	26.7016	24.0889	21.8018	19.9434	17.917	16.4713	14.9068	13.533	12.3612	11.2531	10.1255	9.25492	8.53223	7.72614	7.02272	6.31717	5.72625	5.35466	44.6267	42.9222	39.4515	36.0066	32.5207	29.5746	26.6447	24.2268	21.8274	19.9364	17.9497	16.4318	14.844	13.5982	12.2194	11.0915	10.1935	9.19067	8.44795	7.75014	7.03143	6.41525	5.82773	5.30892	44.3745	42.9271	39.4433	35.7905	32.5064	29.5384	26.925	24.2086	21.9348	19.8815	18.0276	16.1768	14.9259	13.6075	12.358	11.281	10.2118	9.32506	8.58785	7.66304	7.16799	6.38795	5.9327	5.38698	44.5011	42.8053	39.3863	35.8268	32.469	29.4179	26.6576	24.1472	21.9947	19.8508	17.8658	16.3981	14.8836	13.4442	12.3019	11.2232	10.1649	9.29291	8.41407	7.66211	7.0022	6.40299	5.82495	5.39743	44.2219	42.7871	39.1381	35.8632	32.3881	29.244	26.6929	24.033	21.9101	19.9295	17.906	16.3826	14.8577	13.6482	12.1742	11.1003	10.2221	9.12185	8.29259	7.58822	7.00965	6.36397	5.96092	5.30533	44.3441	42.7519	39.3061	35.8613	32.4959	29.4942	26.6092	23.8992	21.7939	19.8003	17.9511	16.3893	14.786	13.4846	12.231	11.1873	10.1283	9.29839	8.35216	7.61141	6.99665	6.41904	5.70901	5.28532	44.3949	42.8281	39.2883	35.6415	32.5516	29.3981	26.3878	24.1965	21.5867	19.9317	17.7738	16.3059	14.9308	13.5172	12.1428	11.125	10.1875	9.43074	8.51466	7.69219	6.99601	6.24254	5.85136	5.3751	44.3379	42.7009	39.4279	35.8933	32.2807	29.4832	26.6548	24.252	22.0761	19.9531	18.1075	16.4418	14.963	13.3798	12.1959	11.2165	10.1908	9.30509	8.4517	7.7582	7.02739	6.42216	5.79134	5.50464	44.8613	43.0186	39.4595	35.851	32.5495	29.566	26.7385	24.0756	21.8174	19.8974	17.9988	16.3015	14.9489	13.5412	12.2844	11.1803	10.072	9.143	8.39717	7.76179	6.90996	6.31544	5.79643	5.32596	44.3265	42.7041	39.2122	35.7701	32.5389	29.3575	26.6671	23.9478	21.9333	20.0554	17.9491	16.3999	14.5979	13.4899	12.2257	11.1418	10.1727	9.09426	8.53793	7.58939	7.06018	6.3706	5.7528	5.38579	44.5507	42.8964	39.6279	35.9507	32.4976	29.5959	26.8465	24.3586	21.9785	19.9174	18.1488	16.3729	14.9729	13.5762	12.2435	11.134	10.1558	9.34112	8.35476	7.68814	7.08382	6.32995	5.9569	5.30906	44.3985	42.7997	39.3399	35.9036	32.5046	29.5228	26.5959	24.1996	21.9254	19.9287	18.0033	16.1873	14.8635	13.297	12.3329	11.1505	9.99042	9.28278	8.38411	7.63055	6.99839	6.39825	5.91269	5.40604	44.6386	42.6994	39.3503	35.697	32.4935	29.4044	26.7265	24.0882	21.9411	19.8586	18.0032	16.441	15.0223	13.3205	12.3641	11.2238	10.2742	9.18349	8.33607	7.67345	6.9367	6.38467	5.91651	5.32139	44.5777	43.0342	39.3878	35.8483	32.5655	29.5123	26.7572	24.1909	22.0462	19.9487	18.013	16.4538	14.8205	13.6213	12.3141	11.0655	10.1066	9.19988	8.35755	7.70362	7.05303	6.39109	5.76611	5.3419	44.283	42.8409	39.4918	35.7095	32.427	29.4002	26.7162	24.2023	21.7746	19.8004	17.9128	16.3018	14.8336	13.5213	12.3469	10.9917	10.3101	9.21927	8.34535	7.52899	6.92685	6.2485	5.83553	5.22301	44.605	42.9474	39.37	35.8328	32.5976	29.2531	26.4753	24.2634	21.9062	19.6752	17.9655	16.2699	14.8661	13.5082	12.2376	11.0576	9.96548	9.24638	8.41471	7.75695	7.01579	6.28616	5.73824	5.38197	44.5269	43.1186	39.6301	35.8437	32.3856	29.3214	26.5688	24.003	21.9263	20.0666	18.1561	16.4832	14.7457	13.4665	12.1366	11.2415	10.0455	9.27002	8.51448	7.77357	7.1042	6.49583	5.83252	5.35528	44.5245	42.835	39.3326	35.9603	32.5881	29.4578	26.6006	24.1089	21.8266	19.8192	18.0566	16.2837	14.8662	13.5102	12.3596	11.1553	10.0792	9.20965	8.43191	7.62036	7.02654	6.4114	5.80579	5.29343	44.6167	42.7917	39.3067	35.8435	32.415	29.5922	26.5744	24.2234	22.0385	19.8668	18.0019	16.3987	14.9897	13.3714	12.1339	11.2556	10.1696	9.3371	8.50201	7.71596	6.99117	6.44673	5.91229	5.42663	44.6728	43.0184	39.3592	35.8939	32.3563	29.3775	26.7645	24.1071	21.8602	19.8337	18.077	16.296	14.7523	13.3747	12.3289	11.1479	10.1792	9.20597	8.36714	7.67481	6.98553	6.30023	5.83463	5.34019	44.412	42.9483	39.3481	35.8024	32.3376	29.3547	26.4237	23.976	21.8346	19.777	17.7324	16.1885	14.7346	13.5244	12.2832	11.1685	10.0384	9.34971	8.39005	7.63243	7.01836	6.36225	5.7721	5.32399	44.4505	42.9667	39.5924	36.1643	32.5051	29.5511	26.8644	24.2265	22.0161	19.8083	18.1081	16.4785	15.0151	13.5752	12.2971	11.3424	10.3422	9.23001	8.45366	7.69828	7.06356	6.50779	5.89084	5.3788	
<type>0
<startTime>4320
<compartment>3
<stat>median
<data>32.9267	32.0846	29.6291	27.0392	24.4271	22.1411	20.0721	18.1561	16.3595	14.8554	13.4754	12.2125	11.0279	10.0637	9.15158	8.30866	7.53145	6.75657	6.15711	5.66914	5.14752	4.73124	4.20792	3.85203	36.155	35.1729	32.4016	29.5301	26.8763	24.3117	21.9663	19.9	18.0278	16.302	14.8005	13.5766	12.1738	11.0938	10.2008	9.17984	8.15793	7.51339	6.7931	6.31349	5.78112	5.19024	4.83684	4.28575	36.9618	35.8373	32.9574	30.1785	27.2109	24.6832	22.2696	20.2118	18.2622	16.6894	14.9874	13.5642	12.4272	11.358	10.3314	9.34992	8.51288	7.82834	7.04035	6.43148	5.74079	5.27845	4.84304	4.52847	36.9411	35.8558	32.8683	30.1325	27.2349	24.8218	22.317	20.2848	18.2999	16.7064	15.038	13.6886	12.4521	11.2332	10.1982	9.32083	8.4623	7.79827	7.03593	6.49608	5.9325	5.38532	4.86777	4.51036	37.0027	35.763	32.927	30.0118	27.2148	24.7541	22.4832	20.2156	18.4596	16.7314	15.1087	13.7104	12.3192	11.2619	10.3378	9.50586	8.47284	7.86367	7.18312	6.45523	5.96743	5.41726	4.88767	4.52591	36.9349	35.6908	32.9742	29.9726	27.2595	24.7784	22.3679	20.3499	18.5144	16.598	14.9705	13.71	12.4727	11.3544	10.1958	9.2946	8.54854	7.68284	7.00202	6.41167	5.83506	5.41887	4.8841	4.48261	36.8881	35.7378	32.7736	29.9778	27.3143	24.5988	22.5122	20.2952	18.3786	16.6867	14.9882	13.6942	12.4684	11.2256	10.3169	9.46156	8.61508	7.79019	7.11733	6.38273	5.86597	5.37034	4.88984	4.45635	36.8442	35.8854	33.0557	30.0999	27.3557	24.8316	22.4627	20.3799	18.4551	16.6991	15.1083	13.826	12.5303	11.3565	10.2455	9.17507	8.50175	7.8131	7.23438	6.45567	5.82338	5.39261	4.84173	4.50235	36.8948	35.8311	32.9736	30.1149	27.2093	24.5837	22.3854	20.2259	18.4074	16.6142	15.0725	13.7169	12.51	11.4369	10.414	9.38518	8.58006	7.71189	7.0363	6.53788	5.7974	5.37798	4.9096	4.38627	36.9599	35.9452	33.0418	30.0676	27.265	24.7649	22.3623	20.51	18.5196	16.6482	15.0395	13.7679	12.4432	11.36	10.3122	9.39249	8.54476	7.86189	7.09392	6.45055	5.87406	5.34386	4.91551	4.47136	36.9293	35.7115	33.0096	29.9916	27.2915	24.9351	22.3616	20.4007	18.5402	16.7056	15.184	13.8761	12.4635	11.2354	10.3547	9.36795	8.4716	7.85122	7.10793	6.4146	5.8425	5.42164	4.92255	4.52107	36.932	35.7046	33.1146	30.1408	27.2635	24.8479	22.4395	20.3175	18.4478	16.6614	15.17	13.721	12.4396	11.3271	10.2999	9.35866	8.5635	7.87502	6.98061	6.36213	5.91366	5.28809	4.92882	4.48068	36.8445	35.7127	32.9924	29.9764	27.274	24.5992	22.3302	20.3374	18.392	16.669	15.2467	13.6603	12.2568	11.2485	10.3236	9.35244	8.45711	7.63177	7.06539	6.42232	5.95307	5.34696	4.90629	4.50519	36.9018	35.7689	33.1046	30.125	27.174	24.6181	22.4084	20.3016	18.3393	16.604	15.0851	13.6361	12.4529	11.2746	10.3078	9.31126	8.43413	7.80901	7.01594	6.48178	5.87649	5.32015	4.95209	4.51842	37.0695	35.7802	33.0063	29.9954	27.3628	24.8761	22.5705	20.3183	18.4262	16.6019	15.1258	13.7646	12.5844	11.3349	10.2385	9.29293	8.59544	7.67833	7.05289	6.48824	5.94355	5.32966	4.79307	4.3575	36.7575	35.7738	32.9497	30.1317	27.2432	24.6943	22.5496	20.2546	18.4175	16.647	15.0221	13.799	12.3312	11.356	10.3089	9.3721	8.53154	7.76973	7.04259	6.45699	5.87411	5.3611	4.93943	4.53664	37.0177	35.8914	33.0297	30.1016	27.2979	24.7187	22.4498	20.4012	18.3372	16.6975	15.0624	13.7557	12.4217	11.3168	10.2673	9.46543	8.42014	7.85572	7.02738	6.36141	5.95797	5.28785	4.94472	4.50485	36.8237	35.8406	32.849	30.0371	27.2482	24.6355	22.4414	20.2233	18.3016	16.9233	15.1513	13.7578	12.4883	11.2521	10.3601	9.25993	8.56982	7.77613	7.07009	6.38953	5.85723	5.3433	4.98274	4.46334	37.2994	36.0789	33.2437	30.3026	27.2963	24.679	22.4453	20.4327	18.4934	16.5421	15.2447	13.6316	12.4775	11.3155	10.2983	9.40523	8.48881	7.67374	7.19892	6.42692	5.81094	5.36668	4.9313	4.46876	36.7696	35.5571	32.8341	30.1807	27.3182	24.6792	22.1132	20.2424	18.368	16.6494	15.0537	13.6305	12.5445	11.271	10.1999	9.29372	8.47953	7.69877	7.06036	6.37146	5.94936	5.31663	4.8674	4.51252	36.7767	35.761	33.0608	30.0512	27.2229	24.6761	22.3196	20.2943	18.2988	16.7072	15.0596	13.707	12.5782	11.3251	10.4151	9.37257	8.49593	7.74205	7.1117	6.38862	5.86992	5.31783	4.9318	4.5175	37.1838	35.8801	33.0394	30.068	27.3789	24.8002	22.4916	20.3902	18.4793	16.6396	15.1866	13.8455	12.5607	11.3497	10.2622	9.36114	8.46558	7.71968	7.19001	6.37548	5.85756	5.33757	4.97203	4.44174	37.0773	35.9107	33.0767	30.0332	27.223	24.7337	22.3139	20.297	18.2521	16.6484	15.0205	13.6755	12.5031	11.2431	10.106	9.36083	8.29737	7.71644	7.02426	6.26765	5.84972	5.39632	4.83567	4.41825	37.0799	35.7595	32.8689	30.0373	27.177	24.6935	22.3528	20.417	18.2986	16.7686	15.0695	13.8511	12.4991	11.257	10.2768	9.25644	8.58825	7.69948	7.1008	6.4242	5.73747	5.32691	4.81457	4.43063	37.0922	35.7573	32.9095	30.1507	27.3629	24.8019	22.4545	20.4234	18.2769	16.7736	15.2546	13.8106	12.4634	11.2394	10.3811	9.45436	8.45097	7.73531	7.02286	6.46451	5.79764	5.42145	4.8876	4.51975	37.0175	35.8662	33.2084	30.1847	27.2155	24.7477	22.4371	20.3137	18.3772	16.6267	15.104	13.8027	12.4155	11.2334	10.2624	9.42983	8.57899	7.84334	7.13037	6.36933	5.76748	5.26217	5.01113	4.50321	37.0487	35.893	32.9323	29.9565	27.2976	24.9599	22.5878	20.2733	18.4051	16.6755	15.2206	13.8116	12.3964	11.4405	10.2597	9.22706	8.47161	7.75417	7.09009	6.52531	5.90968	5.37396	5.005	4.51612	37.0827	35.8402	32.9592	30.2582	27.2578	24.6795	22.4004	20.2975	18.3312	16.7038	15.1279	13.6904	12.5181	11.2675	10.2244	9.3635	8.56248	7.72061	7.06928	6.46114	5.78586	5.29254	4.87923	4.52158	36.9348	35.6712	32.9068	30.0354	27.2119	24.6972	22.3167	20.2829	18.3267	16.6691	15.0172	13.7938	12.5323	11.311	10.267	9.34868	8.44803	7.71489	7.00683	6.37097	5.87609	5.35818	4.9782	4.52617	37.2241	35.8651	33.0816	30.1741	27.4744	24.8871	22.4292	20.353	18.4251	16.8152	15.0276	13.75	12.6478	11.359	10.3237	9.32592	8.47551	7.954	7.11244	6.47965	5.91834	5.33131	4.89545	4.54194	
<type>1
<startTime>4320
<compartment>0
<stat>median
<data>2.85253	2.31926	1.74903	1.32912	1.00914	0.778901	0.598301	0.466258	0.37943	0.298285	0.248065	0.200748	0.15355	0.131914	0.111744	0.0900867	0.0751253	0.0606377	0.0490106	0.0429813	0.0363472	0.0288622	0.0244158	0.0200088	2.84534	2.32183	1.7672	1.31586	1.00654	0.770166	0.601905	0.486124	0.382089	0.310933	0.237374	0.199195	0.156329	0.134866	0.110274	0.0901118	0.0729115	0.0596351	0.0504859	0.0406529	0.0344884	0.0286343	0.0234866	0.0195945	2.86344	2.29868	1.73671	1.30975	0.994429	0.760639	0.592993	0.469348	0.37646	0.301408	0.238399	0.188648	0.155766	0.129117	0.107847	0.0903833	0.0751496	0.0613957	0.0489195	0.0404272	0.0351757	0.0277388	0.0233182	0.0198185	2.84238	2.29422	1.72235	1.29313	1.00142	0.771231	0.590015	0.481734	0.384304	0.304853	0.240053	0.195179	0.160375	0.139603	0.110202	0.0889723	0.0733832	0.062378	0.0509006	0.0437873	0.0357299	0.027462	0.0253303	0.0213943	2.85079	2.31235	1.75539	1.30754	0.993622	0.783876	0.604759	0.457726	0.376783	0.310759	0.242076	0.196912	0.161552	0.129125	0.110581	0.0910693	0.0723132	0.0628292	0.0499061	0.0416274	0.032363	0.0281708	0.0247301	0.0196478	2.84588	2.33167	1.75797	1.29107	1.01054	0.779049	0.603693	0.490171	0.380674	0.304538	0.244589	0.19768	0.161837	0.135873	0.108623	0.0922511	0.0737975	0.0609311	0.0501068	0.042881	0.036793	0.0291564	0.0231357	0.0202425	2.85921	2.33334	1.73331	1.32865	1.02279	0.762584	0.6107	0.488974	0.378148	0.30842	0.248285	0.200683	0.164959	0.131554	0.112359	0.0910252	0.0771454	0.0627273	0.0546671	0.0421171	0.0375224	0.0310762	0.0251969	0.0208202	2.85713	2.30144	1.764	1.3008	0.99615	0.76552	0.618445	0.479754	0.379744	0.298776	0.246088	0.201661	0.166988	0.129992	0.109357	0.0927333	0.0732911	0.0630109	0.0491419	0.0444693	0.036322	0.0317332	0.0236335	0.0214092	2.84335	2.32022	1.75481	1.31911	0.991408	0.759581	0.596279	0.473051	0.383391	0.315172	0.248509	0.205887	0.159941	0.132145	0.10511	0.0924817	0.076265	0.0632177	0.0528027	0.0438693	0.0353492	0.0318021	0.0242579	0.0206164	2.85982	2.31715	1.74117	1.30539	1.00671	0.757175	0.598719	0.46418	0.382658	0.300379	0.243743	0.194728	0.16482	0.132128	0.107996	0.0925951	0.0743467	0.0605898	0.0506542	0.0433588	0.0344045	0.029278	0.024276	0.0206103	2.84975	2.31067	1.72418	1.29672	0.994272	0.769201	0.607195	0.480044	0.385294	0.308622	0.246117	0.193599	0.166038	0.138016	0.109781	0.0898597	0.0779641	0.0636785	0.0495894	0.0413238	0.0353848	0.0303783	0.0249786	0.0207475	2.85122	2.31818	1.7556	1.32659	1.00008	0.761424	0.605829	0.480459	0.382044	0.306875	0.245201	0.199967	0.166862	0.133503	0.111343	0.0912596	0.0743745	0.0635167	0.0487468	0.0449717	0.0372132	0.0300859	0.0255551	0.0213188	2.84259	2.31267	1.72651	1.31332	1.00606	0.777005	0.60153	0.470118	0.375391	0.294911	0.244998	0.195325	0.15968	0.131695	0.108168	0.0911222	0.0743966	0.0606957	0.04936	0.0429402	0.0338505	0.028261	0.0247298	0.0198982	2.8473	2.30347	1.75271	1.29202	1.00593	0.76198	0.611748	0.477978	0.383036	0.307386	0.247516	0.200696	0.157401	0.137454	0.108378	0.0942414	0.0738556	0.0614786	0.0504097	0.0423927	0.0352253	0.0296693	0.0245762	0.0213054	2.83348	2.31407	1.7576	1.31643	0.980927	0.778027	0.59984	0.482823	0.381063	0.314027	0.242708	0.200093	0.163761	0.137439	0.112029	0.0885303	0.073629	0.0616023	0.0500961	0.0427989	0.0346192	0.0300552	0.0262538	0.021347	2.84679	2.33469	1.73745	1.31607	0.980866	0.768094	0.593219	0.467638	0.381097	0.312749	0.237585	0.204067	0.165812	0.132084	0.10489	0.0893978	0.0740306	0.060127	0.0500216	0.0411146	0.0358486	0.0291013	0.0235184	0.0206612	2.85116	2.32213	1.74333	1.29679	0.995235	0.775945	0.599842	0.485076	0.380708	0.294768	0.248358	0.197366	0.164789	0.135976	0.106585	0.0913984	0.0745076	0.0631258	0.0493593	0.0422433	0.035259	0.0291674	0.025768	0.0205792	2.86338	2.31742	1.73255	1.33091	0.991406	0.783678	0.595965	0.46549	0.374168	0.301419	0.248046	0.201234	0.161258	0.131126	0.108769	0.0831566	0.074842	0.0613258	0.0494512	0.0404926	0.0353455	0.0279787	0.024652	0.0189263	2.84757	2.31558	1.74515	1.31443	1.01622	0.775549	0.594813	0.470598	0.369392	0.300162	0.242015	0.198742	0.163319	0.131891	0.107444	0.090669	0.0781033	0.0606953	0.0502426	0.0408199	0.0343264	0.0303772	0.0242992	0.0208569	2.83645	2.3192	1.75102	1.32201	0.989903	0.774474	0.604879	0.465404	0.375574	0.301989	0.253916	0.192331	0.162879	0.128068	0.105907	0.0907894	0.073117	0.0601629	0.0495298	0.0437943	0.0349533	0.0291428	0.0257038	0.0208861	2.86815	2.35521	1.73059	1.30827	1.00142	0.766883	0.597873	0.469918	0.378888	0.309932	0.247024	0.193572	0.161793	0.137746	0.113479	0.0874784	0.0723836	0.0593926	0.053199	0.0418966	0.0347237	0.0289905	0.0245134	0.0200454	2.84634	2.30477	1.73216	1.30059	1.00205	0.764648	0.59015	0.472153	0.372007	0.300133	0.251393	0.198701	0.157448	0.13355	0.108298	0.088351	0.0704384	0.0609202	0.0481162	0.0425412	0.0348874	0.0291648	0.0244016	0.0191072	2.86959	2.32992	1.74125	1.29295	1.00443	0.768023	0.594574	0.483569	0.375773	0.300596	0.240868	0.20116	0.166883	0.13673	0.107731	0.087671	0.0719447	0.0607278	0.0491209	0.0423063	0.036496	0.0290132	0.0244991	0.0196863	2.84991	2.30967	1.74651	1.31244	0.985138	0.755404	0.605265	0.474983	0.380418	0.309951	0.244432	0.202497	0.166407	0.128626	0.108251	0.0911218	0.0753375	0.0600472	0.051214	0.0419346	0.0347932	0.0294257	0.0237644	0.0202905	2.84081	2.3149	1.75009	1.32108	1.01709	0.78168	0.600056	0.480407	0.380113	0.305282	0.2521	0.199013	0.164061	0.134073	0.10915	0.0907861	0.0778623	0.0583769	0.0527306	0.047117	0.0366141	0.030174	0.0237897	0.0210044	2.85971	2.33114	1.75397	1.30487	1.00944	0.775492	0.620122	0.483677	0.38024	0.299114	0.252925	0.202996	0.164758	0.134662	0.107847	0.0900495	0.076566	0.0598574	0.0499381	0.0403998	0.035146	0.0276539	0.0240497	0.0200014	2.85769	2.32428	1.75067	1.33623	0.994569	0.769002	0.614682	0.473796	0.390216	0.306578	0.245868	0.195498	0.165273	0.13754	0.109935	0.091839	0.0749394	0.0631227	0.0516391	0.044413	0.0356244	0.0284743	0.0239676	0.0209222	2.86681	2.32487	1.7451	1.317	0.999017	0.761647	0.594445	0.478036	0.373954	0.298244	0.248763	0.198778	0.159298	0.133154	0.111529	0.0912923	0.0748226	0.063721	0.0519468	0.0420931	0.03442	0.0313996	0.0256229	0.0203421	2.84599	2.31805	1.72914	1.32553	0.995325	0.756562	0.593622	0.472653	0.376384	0.298327	0.243453	0.199053	0.162584	0.129517	0.110276	0.092764	0.0743778	0.0606815	0.0509824	0.0415752	0.0344239	0.029428	0.0246503	0.0190102	2.85439	2.31167	1.75911	1.31454	1.01396	0.777465	0.607114	0.476507	0.37582	0.299167	0.24961	0.200224	0.15384	0.134568	0.111456	0.0948019	0.0745809	0.0633418	0.0513267	0.0436175	0.0359364	0.0304095	0.0254653	0.020493	
<type>1
<startTime>4320
<compartment>1
<stat>median
<data>2.72433	2.24673	1.70499	1.2859	0.977221	0.76324	0.58555	0.464829	0.363419	0.293599	0.244818	0.194998	0.164032	0.125572	0.109721	0.0866827	0.0739074	0.0600898	0.0490669	0.0418764	0.0336417	0.0284039	0.0241469	0.0201368	2.69194	2.26821	1.70729	1.28985	0.988769	0.753696	0.582834	0.46209	0.368767	0.299626	0.240878	0.191734	0.163873	0.128437	0.105385	0.0865175	0.0726617	0.0586203	0.0505827	0.0410412	0.0344036	0.0286854	0.0242931	0.0196603	2.691	2.24305	1.70448	1.28352	0.97939	0.749974	0.590195	0.458744	0.370433	0.301164	0.238441	0.190228	0.15424	0.127845	0.104538	0.0864782	0.0705264	0.059322	0.0519379	0.0425639	0.033292	0.0277815	0.0237128	0.0204058	2.68511	2.24917	1.72729	1.2987	0.990584	0.751239	0.586577	0.472848	0.373409	0.296559	0.243544	0.201965	0.162141	0.130306	0.109062	0.0865769	0.0736783	0.0603938	0.0505576	0.041859	0.0352961	0.0295663	0.0250211	0.0211242	2.71927	2.2637	1.71367	1.28429	0.973351	0.757713	0.59527	0.473473	0.365311	0.293576	0.236758	0.195924	0.158995	0.127525	0.104553	0.0836572	0.0708538	0.0589483	0.0503043	0.0417436	0.0331778	0.029217	0.0237613	0.0204981	2.72112	2.26715	1.72253	1.30362	0.98937	0.765011	0.5925	0.448557	0.372965	0.294289	0.239554	0.191587	0.154557	0.128096	0.106913	0.0909	0.0728167	0.0594614	0.0501892	0.0405428	0.0340232	0.0294204	0.0247909	0.0203136	2.71811	2.25586	1.71354	1.29336	0.984337	0.768299	0.59272	0.4611	0.379422	0.301316	0.24375	0.19948	0.16272	0.129989	0.106747	0.0903003	0.0732007	0.059123	0.050232	0.0400319	0.0354781	0.0298561	0.0250507	0.0201751	2.70807	2.24436	1.72177	1.30991	0.987229	0.754346	0.592658	0.454612	0.371499	0.311551	0.243776	0.200799	0.161098	0.129553	0.10622	0.0901607	0.0779206	0.0608152	0.0509212	0.0399899	0.0350744	0.0291316	0.0244302	0.0213863	2.72223	2.2457	1.7061	1.31326	0.978431	0.770627	0.58316	0.457387	0.369172	0.304652	0.244914	0.196658	0.15423	0.13061	0.104404	0.0857426	0.072863	0.0595228	0.0495875	0.0410898	0.0355119	0.0294208	0.0245051	0.020653	2.70779	2.26586	1.71627	1.30048	0.985875	0.762587	0.58317	0.467486	0.364822	0.303839	0.240366	0.189478	0.159388	0.129667	0.105214	0.087921	0.0719472	0.0599964	0.0502988	0.0422256	0.0352792	0.0294436	0.0238081	0.0202911	2.71018	2.25448	1.71321	1.30154	0.988694	0.752471	0.603301	0.457626	0.369441	0.286537	0.249443	0.194708	0.160225	0.130906	0.107832	0.089275	0.0750493	0.0567541	0.0488061	0.0417382	0.0333445	0.0293287	0.0234401	0.0210512	2.70068	2.25647	1.73531	1.30993	0.989055	0.758644	0.587089	0.479415	0.371539	0.297884	0.241332	0.193964	0.160213	0.133053	0.105383	0.0874579	0.073809	0.0604175	0.0513792	0.0416665	0.0345616	0.029204	0.0244194	0.0206632	2.69486	2.24484	1.72088	1.28331	0.979041	0.770143	0.594585	0.473185	0.365027	0.296428	0.239664	0.19119	0.152746	0.128481	0.106535	0.0857741	0.0729273	0.060915	0.0497581	0.0414235	0.0341961	0.0285297	0.0240441	0.0214333	2.71146	2.25373	1.72203	1.27801	0.986818	0.751208	0.59525	0.467013	0.371242	0.300438	0.243873	0.194196	0.160499	0.127343	0.108132	0.0908785	0.0704054	0.0607217	0.0498814	0.0402791	0.0353016	0.0294799	0.0253324	0.0204579	2.69023	2.27408	1.70776	1.29541	0.970369	0.760654	0.591127	0.465551	0.36777	0.295139	0.239974	0.197535	0.1638	0.130351	0.110641	0.0860351	0.0716106	0.0608472	0.0481457	0.0422017	0.0358461	0.0298572	0.0242236	0.020126	2.71544	2.25499	1.70875	1.28441	0.973128	0.746024	0.585422	0.476068	0.373877	0.300829	0.242066	0.197524	0.15765	0.126599	0.10906	0.0887297	0.0746214	0.0608901	0.0519465	0.0398423	0.0340582	0.0291364	0.0252619	0.0198592	2.72085	2.24218	1.71157	1.28689	0.981903	0.749824	0.588191	0.467642	0.371799	0.296125	0.235537	0.194418	0.16009	0.129761	0.110238	0.0877521	0.0704127	0.0605627	0.0477764	0.0409941	0.0346187	0.0291179	0.0246744	0.0202342	2.70685	2.24116	1.72781	1.31036	0.968978	0.758424	0.595965	0.461227	0.375461	0.296152	0.236773	0.195315	0.153613	0.129759	0.106783	0.0863923	0.0755119	0.061346	0.0502017	0.0399449	0.0343424	0.0290933	0.0227401	0.0194131	2.69506	2.24723	1.72749	1.29806	0.981048	0.752143	0.578377	0.465646	0.375861	0.293934	0.240165	0.192213	0.154945	0.126808	0.106422	0.089427	0.0723801	0.0581303	0.0504498	0.0411524	0.035626	0.0300429	0.0240122	0.0197331	2.70323	2.25669	1.7216	1.28676	0.966581	0.746008	0.588912	0.478028	0.376025	0.300164	0.238948	0.193294	0.162835	0.129676	0.104115	0.0868009	0.0743352	0.0609297	0.0499201	0.0413596	0.0337277	0.0293771	0.0241252	0.0191739	2.70206	2.26118	1.70904	1.29636	0.986086	0.755852	0.585265	0.456499	0.369183	0.294469	0.236938	0.198281	0.153619	0.130754	0.107569	0.0867658	0.0685173	0.0635232	0.0494976	0.0416613	0.0337965	0.029089	0.0236835	0.0211046	2.71569	2.24963	1.72349	1.29944	0.982788	0.757065	0.59047	0.472838	0.372151	0.294727	0.241867	0.193481	0.159104	0.127505	0.102231	0.0861164	0.0719607	0.0592606	0.0475932	0.0395191	0.033212	0.028982	0.0218781	0.019245	2.70999	2.25996	1.72503	1.29758	0.991374	0.766368	0.588551	0.473279	0.366945	0.303105	0.244837	0.195911	0.158628	0.125713	0.104549	0.0866166	0.0745989	0.0597619	0.0503634	0.0406488	0.0339445	0.0276391	0.025099	0.0198894	2.70006	2.25328	1.72375	1.29203	0.979847	0.763603	0.585437	0.461003	0.366855	0.295151	0.236249	0.194257	0.159533	0.12784	0.111045	0.0877835	0.0709311	0.0616727	0.0505991	0.0410655	0.0331352	0.0298529	0.0230121	0.019503	2.70311	2.27141	1.71842	1.2941	0.977598	0.766356	0.593677	0.46263	0.377571	0.302349	0.241067	0.19475	0.158846	0.130868	0.106604	0.0881196	0.073523	0.0588785	0.0501425	0.0409636	0.0339591	0.0294682	0.024636	0.0204889	2.72456	2.25777	1.72529	1.29475	0.985471	0.766471	0.591305	0.46072	0.375709	0.29968	0.240098	0.195762	0.159576	0.130181	0.10437	0.0867707	0.0717262	0.0603392	0.049045	0.0420064	0.0338653	0.0277192	0.0237094	0.0190592	2.71145	2.26072	1.72572	1.29818	0.991004	0.758998	0.596395	0.478726	0.36849	0.309075	0.244061	0.202825	0.157234	0.134358	0.105291	0.0884561	0.0726957	0.0645663	0.0537879	0.0429995	0.0362713	0.0287667	0.0253746	0.0199511	2.70941	2.26357	1.71841	1.29426	0.973998	0.775293	0.59071	0.46301	0.374709	0.29923	0.241754	0.194267	0.162801	0.127263	0.108896	0.0862208	0.0728267	0.0611548	0.0495983	0.0422335	0.0351153	0.0296829	0.0242473	0.0204408	2.71476	2.24561	1.71767	1.30899	0.979547	0.749752	0.59509	0.457898	0.373627	0.290998	0.246296	0.197037	0.16212	0.129702	0.106479	0.0847577	0.0707678	0.0588997	0.0498414	0.0401092	0.0330761	0.0280815	0.0234499	0.0197916	2.69323	2.24329	1.71073	1.29229	0.992261	0.762199	0.593946	0.474427	0.372947	0.29871	0.239491	0.193705	0.15681	0.13059	0.108978	0.0899404	0.0706726	0.0586721	0.0495689	0.0429727	0.0338192	0.0287632	0.0241316	0.0205226	
<type>1
<startTime>4320
<compartment>2
<stat>median
<data>0.803295	0.649612	0.489956	0.374988	0.271591	0.216817	0.167683	0.130479	0.101677	0.083678	0.0703977	0.0556826	0.0460054	0.0355239	0.0312028	0.0248837	0.0207302	0.0173518	0.0139157	0.0117766	0.00962643	0.0079208	0.00663596	0.005507	0.801626	0.647505	0.4873	0.366839	0.276931	0.218295	0.166496	0.132792	0.104252	0.0868198	0.0696096	0.0550986	0.0450613	0.0360137	0.030484	0.0256643	0.0203335	0.0166573	0.0145426	0.0121633	0.0102111	0.00810844	0.0068488	0.00577856	0.787717	0.646975	0.485268	0.364876	0.275453	0.21289	0.168061	0.129432	0.106559	0.082792	0.0677411	0.0553598	0.0445796	0.0377155	0.0296736	0.0234759	0.0202763	0.0172848	0.0148076	0.0115627	0.00923767	0.00770474	0.00651961	0.00570584	0.796657	0.651717	0.484396	0.369881	0.284315	0.216895	0.169178	0.134261	0.104996	0.0850092	0.0686042	0.0569292	0.0443501	0.0370804	0.0310688	0.0254773	0.0204607	0.0168257	0.0141212	0.0122424	0.0102793	0.00844792	0.00674401	0.0059441	0.80362	0.649426	0.49246	0.365061	0.281049	0.213256	0.169399	0.134606	0.105715	0.086619	0.0685789	0.0568952	0.04522	0.0368501	0.0319376	0.0247699	0.0209988	0.0167276	0.0145937	0.011709	0.00930821	0.00768172	0.00662771	0.00573314	0.797772	0.649985	0.490193	0.368205	0.276735	0.217683	0.170886	0.132002	0.106388	0.0846326	0.0665873	0.054748	0.0453002	0.0372944	0.030373	0.0240704	0.0206092	0.0172543	0.015057	0.0115886	0.00982591	0.00837801	0.00665605	0.00594186	0.792936	0.653505	0.490753	0.36989	0.28297	0.215876	0.166961	0.132946	0.10562	0.085718	0.0700358	0.0542566	0.0442244	0.0373025	0.0309768	0.0252218	0.0208704	0.0168178	0.0139242	0.0121822	0.00970978	0.00787241	0.00684733	0.00541223	0.797898	0.651437	0.487779	0.364647	0.28208	0.218593	0.169192	0.136614	0.10919	0.086103	0.0705782	0.0571536	0.0463991	0.0378604	0.0310041	0.0248853	0.0209638	0.0167773	0.0142708	0.0118841	0.0103611	0.00851605	0.00697622	0.00591909	0.794512	0.646909	0.487914	0.368687	0.275034	0.216488	0.166868	0.127869	0.103588	0.0870609	0.0689482	0.0556173	0.0446797	0.0367733	0.0303549	0.0249738	0.0205629	0.0179231	0.0140572	0.0123239	0.00968039	0.00831618	0.00713361	0.00571076	0.798662	0.64837	0.48873	0.36973	0.284171	0.214571	0.168377	0.134804	0.107002	0.0839831	0.0692793	0.0554984	0.0444474	0.0369554	0.0295157	0.0251206	0.0211182	0.0171588	0.0143263	0.0112867	0.0104605	0.00854353	0.00676431	0.00570668	0.797263	0.651762	0.491707	0.35978	0.274069	0.214488	0.166924	0.13374	0.105681	0.0872153	0.0682151	0.0568926	0.046594	0.0382825	0.0300684	0.0250463	0.0211248	0.017363	0.0140634	0.0114469	0.00993086	0.00788773	0.00691737	0.00562685	0.802247	0.653958	0.492967	0.365326	0.277847	0.220698	0.168875	0.137765	0.106013	0.086728	0.0701681	0.0568935	0.0448599	0.0377904	0.031329	0.0255919	0.0217456	0.0180207	0.0139935	0.0122575	0.0104873	0.00818972	0.00703071	0.0058744	0.804617	0.652432	0.490665	0.367566	0.276319	0.218326	0.169254	0.13402	0.104017	0.0846044	0.0676773	0.0548743	0.0452376	0.0368526	0.0311674	0.0243949	0.0209786	0.0169586	0.0145805	0.0116605	0.0101605	0.00830703	0.00674842	0.00571687	0.803243	0.647536	0.488	0.366762	0.275334	0.211501	0.171446	0.135871	0.104483	0.0859981	0.0683335	0.0573527	0.0455898	0.0366573	0.0308551	0.0248591	0.0211308	0.0176045	0.0140172	0.0121936	0.00979752	0.00824214	0.00706312	0.00582586	0.797548	0.645136	0.494149	0.370288	0.286096	0.219027	0.170412	0.134975	0.106903	0.085098	0.0678691	0.0571582	0.0454048	0.0369186	0.0305597	0.0253831	0.0213221	0.0176168	0.0146466	0.0119419	0.00975751	0.00847917	0.00656581	0.0058567	0.804929	0.650603	0.486351	0.367208	0.278198	0.217657	0.161686	0.132015	0.105745	0.0835721	0.0684347	0.0549621	0.0457496	0.0378574	0.0305854	0.0248178	0.0207125	0.0175449	0.0145069	0.0117813	0.009661	0.00794935	0.0067191	0.00557227	0.797119	0.647841	0.488248	0.368444	0.274789	0.213528	0.170709	0.134941	0.106649	0.0856959	0.0679571	0.0574004	0.0456188	0.0370896	0.0301857	0.0245953	0.0213854	0.0168298	0.0141592	0.0125256	0.00979281	0.00774324	0.006642	0.00593266	0.796188	0.636742	0.484071	0.365721	0.28026	0.213863	0.167528	0.13324	0.10386	0.0828377	0.0685465	0.0565073	0.045889	0.0370223	0.0309429	0.0253016	0.0202914	0.0166392	0.0148342	0.0123252	0.0105603	0.00839148	0.00711822	0.00575502	0.791913	0.64754	0.486654	0.369292	0.281795	0.211745	0.169319	0.131305	0.102796	0.0832696	0.0681813	0.0564209	0.0460697	0.0363748	0.0297834	0.02457	0.0199037	0.0169513	0.0143751	0.012315	0.0103744	0.00785312	0.0065653	0.00582102	0.803886	0.649954	0.49235	0.363418	0.277073	0.215957	0.169343	0.13217	0.10858	0.087462	0.0688503	0.0555553	0.0452468	0.038134	0.030803	0.0259066	0.0201768	0.0172468	0.0138464	0.0120302	0.0102193	0.00829553	0.00700755	0.0058928	0.794621	0.647022	0.488067	0.365303	0.276874	0.220262	0.171869	0.134488	0.10752	0.0857777	0.0684921	0.0555505	0.0450963	0.0356741	0.0299093	0.0256607	0.0206033	0.0170021	0.0142703	0.0115968	0.00925857	0.00803924	0.00659784	0.00585293	0.796935	0.646794	0.481563	0.364909	0.278875	0.211301	0.16604	0.132474	0.107513	0.0842443	0.067977	0.0563596	0.0442397	0.0366749	0.0308062	0.0248649	0.0200462	0.0172086	0.0140443	0.0121522	0.00914114	0.00795162	0.00700723	0.00564456	0.791685	0.652145	0.488753	0.368668	0.277442	0.216597	0.17192	0.132573	0.107743	0.0865951	0.0696724	0.0578132	0.0457699	0.0362798	0.030453	0.0247624	0.0211783	0.0168381	0.0143556	0.0115835	0.0101421	0.00816187	0.00674238	0.00553958	0.79241	0.64803	0.485515	0.365045	0.279634	0.215952	0.171147	0.134013	0.10781	0.0847389	0.0688369	0.0558957	0.0441554	0.0359612	0.0296069	0.025809	0.0205701	0.017016	0.0145663	0.012283	0.00952256	0.00813888	0.0069062	0.00561532	0.803435	0.649288	0.487907	0.363462	0.281684	0.216671	0.16994	0.13183	0.108533	0.0845581	0.0679119	0.0559137	0.0452279	0.0394076	0.0306542	0.0248064	0.0214751	0.0176334	0.0149282	0.0123604	0.010034	0.00843672	0.00713341	0.0056334	0.802914	0.644727	0.490389	0.373478	0.279207	0.216372	0.170356	0.132457	0.104816	0.0857164	0.0699442	0.05451	0.046075	0.0375686	0.0312229	0.0246429	0.0210057	0.0179972	0.0138815	0.0119367	0.00961387	0.00812414	0.00664251	0.00592501	0.800692	0.648268	0.484987	0.369886	0.281384	0.218102	0.172392	0.132687	0.106504	0.0860837	0.0699708	0.0590925	0.0450207	0.0382597	0.0323201	0.0254681	0.0208055	0.0171441	0.014316	0.0119355	0.00966202	0.00868618	0.00698893	0.00572916	0.800457	0.645514	0.483916	0.366218	0.282368	0.212746	0.164665	0.134593	0.106875	0.0864459	0.0695083	0.0579275	0.0446013	0.0389505	0.0316754	0.0264221	0.0211132	0.0172383	0.0142513	0.0117812	0.00956936	0.00885512	0.00682707	0.00586079	0.798023	0.652382	0.486983	0.359775	0.276492	0.219636	0.173467	0.134428	0.107404	0.0855057	0.0700619	0.0557339	0.0446799	0.0377495	0.0303186	0.0257161	0.021114	0.0178035	0.0136566	0.0117763	0.00983741	0.00832135	0.00703168	0.00595177	0.796541	0.655328	0.485386	0.367474	0.277177	0.214893	0.170813	0.136763	0.104824	0.0875746	0.0656129	0.0544807	0.0446787	0.0368683	0.0307938	0.0252671	0.0212164	0.0167312	0.0140429	0.0119277	0.0096794	0.00800098	0.00701646	0.00588321	
<type>1
<startTime>4320
<compartment>3
<stat>median
<data>0.755357	0.627755	0.48004	0.362576	0.273421	0.213287	0.161724	0.129534	0.100468	0.0835565	0.0667074	0.0520698	0.0423858	0.0359582	0.0297394	0.0232022	0.019864	0.0165175	0.0135494	0.0114791	0.0100117	0.00762773	0.0064772	0.00549465	0.758666	0.630958	0.481026	0.36468	0.277624	0.210077	0.166697	0.130829	0.10274	0.08233	0.0659447	0.0539475	0.0449874	0.036139	0.0299607	0.0237983	0.0196574	0.0173689	0.0142736	0.0115566	0.00973142	0.00790971	0.00654349	0.00550583	0.758266	0.628659	0.478469	0.360865	0.269121	0.211132	0.163426	0.128621	0.100765	0.0807132	0.0667807	0.0539988	0.043745	0.0352532	0.0299201	0.0238112	0.0198507	0.0168244	0.0134486	0.0112307	0.0097973	0.00764125	0.00656065	0.00546849	0.75364	0.632747	0.478175	0.361027	0.273943	0.214196	0.162911	0.13057	0.104753	0.0821993	0.0666058	0.055531	0.0450627	0.0350034	0.0306457	0.0243766	0.0207234	0.0172099	0.014063	0.0119868	0.00933483	0.00843727	0.00678725	0.00541976	0.758974	0.633909	0.48246	0.364794	0.273329	0.215125	0.164291	0.13208	0.10337	0.0820818	0.0652886	0.0534153	0.0435168	0.0356362	0.030266	0.0250139	0.0195951	0.0165577	0.0134511	0.0116683	0.00962276	0.00804118	0.00651576	0.00562583	0.763214	0.630664	0.484677	0.364497	0.274254	0.208278	0.167428	0.129014	0.104164	0.0845431	0.0685107	0.0533337	0.0436849	0.0367887	0.0291379	0.0247946	0.0201041	0.0171325	0.0138734	0.0119249	0.00964956	0.00839276	0.00692601	0.00558627	0.755751	0.629857	0.484012	0.369663	0.276193	0.215142	0.163967	0.131223	0.104328	0.0832393	0.0671949	0.0555144	0.0447852	0.0359979	0.0307183	0.0250848	0.0201958	0.0176694	0.0139958	0.0115284	0.00954198	0.00813742	0.00664396	0.00534953	0.759979	0.636655	0.481912	0.364715	0.278203	0.212177	0.167387	0.130452	0.10163	0.0825237	0.0667016	0.0539637	0.0451825	0.0378239	0.0294431	0.0245007	0.020244	0.0175214	0.0146117	0.0114776	0.0094625	0.0080818	0.00702526	0.00568217	0.754763	0.632262	0.48032	0.361328	0.277959	0.211209	0.164949	0.130777	0.102987	0.0819866	0.0666253	0.0546361	0.045126	0.0369137	0.0306146	0.0244151	0.0197478	0.0168086	0.0136479	0.0117077	0.00984795	0.00820459	0.00669612	0.00547488	0.758778	0.635271	0.477586	0.36331	0.279419	0.212399	0.165157	0.12956	0.102906	0.0852145	0.0681154	0.0533357	0.0442225	0.0371579	0.0299705	0.0239274	0.0204241	0.0171433	0.013885	0.0121001	0.00946865	0.00798797	0.00684953	0.00557104	0.755805	0.63112	0.474012	0.367803	0.273579	0.213758	0.166888	0.131093	0.105439	0.081968	0.0666392	0.0539949	0.0446988	0.0361236	0.0296708	0.0247431	0.0198923	0.017082	0.0142455	0.0113222	0.00981904	0.00804912	0.00675799	0.00555985	0.756551	0.634104	0.482476	0.365023	0.276874	0.211047	0.164621	0.133502	0.10475	0.0839637	0.0679991	0.0555611	0.0457152	0.0369497	0.0299375	0.025091	0.0204882	0.0173067	0.0138447	0.0118143	0.00947898	0.00849789	0.00699503	0.00587778	0.758625	0.634675	0.485756	0.354813	0.273531	0.209384	0.164438	0.129821	0.104435	0.0846417	0.0649891	0.0556037	0.0434783	0.0368297	0.0297442	0.0262564	0.0201035	0.0167623	0.0134879	0.0108862	0.00945936	0.00791993	0.00654286	0.00561262	0.76145	0.633786	0.478636	0.364135	0.27508	0.212504	0.16747	0.129764	0.105308	0.0837087	0.0661188	0.0533189	0.0452631	0.0360889	0.0291527	0.0239831	0.0207623	0.0168435	0.0142739	0.0117006	0.00989003	0.00826891	0.00690038	0.00596769	0.760133	0.634131	0.479857	0.365849	0.276655	0.211629	0.166303	0.128588	0.105791	0.0821596	0.0680166	0.0548124	0.0431718	0.0372363	0.0300575	0.0249825	0.0206362	0.0167153	0.0138824	0.0115972	0.00954558	0.00815351	0.00664615	0.00553282	0.755639	0.630321	0.477025	0.361378	0.279808	0.210646	0.163526	0.129275	0.104183	0.0860116	0.0677145	0.0529743	0.0440528	0.0363982	0.0300494	0.0246998	0.0200776	0.016342	0.0141981	0.0116808	0.0093303	0.00795635	0.00656248	0.0054945	0.757277	0.633217	0.475203	0.360113	0.279581	0.207916	0.163226	0.130705	0.106403	0.0833813	0.0690031	0.0544086	0.0448488	0.0356717	0.0295971	0.0243029	0.0211781	0.0162001	0.0138641	0.0111395	0.00982681	0.00792224	0.00667416	0.00573744	0.754951	0.628658	0.481182	0.362095	0.274719	0.211939	0.165378	0.128629	0.103263	0.0824511	0.0670014	0.0537591	0.0435474	0.0370726	0.0297894	0.0241102	0.0204458	0.0169709	0.0142568	0.0117625	0.00936268	0.00830076	0.00677525	0.00558286	0.765706	0.631388	0.482117	0.36143	0.275007	0.211459	0.164306	0.127763	0.102086	0.0821797	0.0668192	0.0548228	0.0444016	0.035641	0.0307488	0.0251957	0.0203032	0.0162857	0.0134176	0.0117807	0.0102288	0.00812105	0.00677603	0.0055894	0.757671	0.628759	0.483035	0.359651	0.273175	0.213675	0.166778	0.127404	0.106131	0.084567	0.0678299	0.0539856	0.0463089	0.036025	0.0303436	0.0258345	0.019811	0.0168865	0.0142339	0.0115316	0.00971483	0.00781364	0.00692954	0.00561823	0.762126	0.633175	0.482121	0.356963	0.273645	0.213744	0.167901	0.129318	0.104876	0.0838374	0.0681567	0.054229	0.0441099	0.0362271	0.0295038	0.0242779	0.019825	0.0166688	0.014397	0.0115065	0.00990888	0.00809737	0.00661268	0.00576572	0.760894	0.629235	0.479036	0.361241	0.277618	0.209227	0.162335	0.12679	0.105595	0.0812619	0.0672092	0.0555441	0.0434742	0.0363699	0.0281958	0.0253789	0.020105	0.016627	0.0141936	0.0117055	0.00943866	0.0080929	0.0066697	0.00557532	0.762582	0.634143	0.485407	0.363504	0.275555	0.212247	0.167751	0.129838	0.10566	0.0835467	0.0676472	0.056044	0.0432719	0.0374188	0.0307831	0.0244632	0.020226	0.0170721	0.0140522	0.0116436	0.0102197	0.00823022	0.00668339	0.00559641	0.759605	0.62884	0.479232	0.362839	0.278107	0.209347	0.166176	0.130252	0.102478	0.0830599	0.0677549	0.0538193	0.0439625	0.0358596	0.0301948	0.0243282	0.0211161	0.0165413	0.0138746	0.0113463	0.00971349	0.00793505	0.00678298	0.00557609	0.756993	0.637856	0.481246	0.360661	0.275939	0.213053	0.165008	0.130414	0.105754	0.0825748	0.0665897	0.0560321	0.04408	0.0367834	0.0297004	0.0246823	0.0206665	0.0163179	0.013766	0.0114552	0.0097352	0.00788532	0.0071646	0.00591883	0.757353	0.631124	0.478227	0.363521	0.279107	0.215454	0.165168	0.130183	0.103258	0.0844214	0.0670217	0.0542657	0.0445032	0.035772	0.0301009	0.0241729	0.0210007	0.0166291	0.0141896	0.011386	0.00936499	0.00811241	0.00642206	0.00597295	0.760677	0.63111	0.481522	0.36223	0.274605	0.213654	0.165648	0.130922	0.106314	0.0836987	0.0674335	0.0564541	0.0455299	0.0366832	0.0297967	0.0243569	0.0207632	0.0171899	0.01438	0.0117161	0.0100413	0.00829433	0.00704117	0.00607737	0.758304	0.633039	0.486255	0.360269	0.277879	0.210473	0.165154	0.130896	0.104726	0.0823353	0.0666753	0.0544662	0.0444341	0.0355636	0.0308975	0.0242477	0.0200798	0.0172095	0.0142275	0.0119081	0.00951417	0.0084196	0.0069119	0.00585391	0.757194	0.631083	0.477464	0.361102	0.275502	0.213976	0.164364	0.129726	0.102903	0.0840433	0.0677105	0.0535314	0.0426369	0.0365344	0.0299961	0.0246979	0.0207693	0.0173784	0.0133691	0.0113702	0.00958058	0.00819495	0.00676079	0.00571766	0.755822	0.629437	0.47776	0.364273	0.277064	0.208512	0.165588	0.128444	0.106204	0.0858973	0.0674232	0.0564508	0.0437555	0.0363567	0.0301574	0.0249401	0.0192954	0.0163752	0.013172	0.0114427	0.00948853	0.00800421	0.00658119	0.00569738	
<type>2
<startTime>4320
<compartment>0
<stat>median
<data>8.97606	9.00235	7.93066	6.80476	5.74679	4.94151	4.18534	3.57737	3.08702	2.66413	2.29945	1.99146	1.72527	1.45335	1.31793	1.18108	0.995008	0.920951	0.78894	0.73966	0.624491	0.583559	0.52475	0.475975	9.3268	9.20395	8.14407	6.8486	5.86893	4.92737	4.1919	3.55927	3.13752	2.64879	2.25459	1.9682	1.65217	1.53964	1.28947	1.14705	1.0211	0.903225	0.772587	0.705081	0.663401	0.583849	0.501682	0.468137	9.41797	9.0292	7.95693	6.57707	5.61259	4.61671	4.0236	3.40075	2.82487	2.44559	2.11983	1.80065	1.5244	1.37825	1.20015	1.00847	0.906637	0.861827	0.751414	0.662961	0.566086	0.47918	0.455193	0.371938	9.22465	8.94961	7.69176	6.40847	5.42625	4.4961	3.87645	3.14268	2.64574	2.31513	1.99176	1.67976	1.39669	1.29368	1.0985	0.955636	0.884164	0.759578	0.659876	0.591665	0.515054	0.482123	0.409174	0.347002	9.10885	8.88733	7.60329	6.28045	5.17215	4.33317	3.5314	2.97496	2.50751	2.09132	1.85708	1.56039	1.31692	1.15831	1.02291	0.859274	0.760373	0.620419	0.538764	0.513443	0.497277	0.409006	0.339524	0.327242	8.88009	8.60313	7.25714	6.00926	4.8254	3.92782	3.37822	2.76268	2.32596	1.97847	1.66584	1.38831	1.17263	1.00061	0.885603	0.779583	0.66479	0.581318	0.536544	0.4568	0.391613	0.330555	0.325851	0.289354	8.79623	8.49554	7.08657	5.72322	4.68789	3.85093	3.16528	2.60408	2.14431	1.80332	1.53719	1.25206	1.07102	0.919548	0.790675	0.665568	0.627533	0.561132	0.450579	0.375787	0.339156	0.321996	0.277825	0.262569	8.75428	8.31375	6.96137	5.58392	4.48045	3.71595	2.95093	2.48561	2.05621	1.63028	1.39308	1.17128	1.00698	0.813984	0.676069	0.634722	0.541638	0.496533	0.395716	0.352637	0.329697	0.331254	0.249565	0.234554	8.77001	8.20422	6.63116	5.36945	4.34468	3.48459	2.79534	2.30178	1.87277	1.53605	1.31563	1.03964	0.881294	0.807835	0.659584	0.552444	0.510445	0.471166	0.364441	0.327919	0.272257	0.276643	0.202718	0.213449	8.60555	7.93092	6.61419	5.18736	4.22597	3.33703	2.63774	2.1934	1.74637	1.46176	1.19618	0.966332	0.85739	0.681032	0.588257	0.580064	0.436115	0.394246	0.364178	0.323046	0.269314	0.226561	0.201058	0.182495	8.5756	8.02128	6.41144	5.05718	3.96994	3.2332	2.55308	1.97552	1.66844	1.35021	1.1739	0.969796	0.770934	0.676007	0.585151	0.482358	0.415146	0.387263	0.300137	0.270803	0.242492	0.217259	0.19489	0.173254	8.48343	7.75554	6.20225	4.81817	3.78858	3.04026	2.36579	1.93977	1.61451	1.302	1.03979	0.8634	0.686243	0.601268	0.493636	0.421042	0.395347	0.343259	0.292649	0.238543	0.219934	0.194513	0.163164	0.145451	8.45253	7.69633	6.16351	4.71802	3.62379	2.88022	2.26316	1.844	1.42447	1.20901	0.951913	0.791323	0.664983	0.572336	0.48249	0.370582	0.367268	0.294946	0.263536	0.231668	0.202452	0.169513	0.167352	0.147541	8.23392	7.55494	5.97788	4.65866	3.53741	2.80439	2.123	1.73554	1.36745	1.07037	0.907499	0.78498	0.632449	0.517173	0.4422	0.38129	0.326511	0.23497	0.245329	0.194869	0.181588	0.154332	0.131395	0.134696	8.30008	7.4158	5.83876	4.46085	3.41317	2.62502	2.04171	1.64349	1.30317	1.04488	0.870659	0.668616	0.57959	0.47158	0.407657	0.34229	0.291821	0.266795	0.21913	0.198082	0.159056	0.13208	0.150697	0.104804	8.21876	7.30469	5.68649	4.29766	3.23171	2.54428	1.98509	1.55724	1.2211	0.930291	0.805041	0.626075	0.504369	0.431198	0.396292	0.307288	0.277833	0.227428	0.191033	0.146724	0.14516	0.122582	0.121732	0.106052	8.16324	7.21273	5.49035	4.27291	3.1701	2.45013	1.87874	1.44428	1.12947	0.924219	0.746257	0.597143	0.474884	0.413059	0.340195	0.313105	0.23919	0.223127	0.189403	0.150039	0.132028	0.131645	0.101266	0.0875067	8.24838	7.24621	5.59027	4.2401	3.16619	2.48787	1.87775	1.46932	1.16114	0.914557	0.741091	0.62762	0.492383	0.427653	0.373224	0.300377	0.250655	0.207243	0.188193	0.157615	0.139098	0.125426	0.100799	0.0843765	8.11837	7.10841	5.5896	4.21008	3.10785	2.38082	1.88001	1.43883	1.14967	0.912179	0.746271	0.595805	0.519945	0.403836	0.309425	0.277781	0.255181	0.221335	0.184537	0.147272	0.135098	0.11349	0.0975268	0.0885673	8.19428	7.33393	5.58008	4.15492	3.17565	2.42822	1.89614	1.455	1.1155	0.892775	0.762425	0.589449	0.468816	0.41947	0.334385	0.280671	0.254127	0.217633	0.175016	0.152312	0.143242	0.122895	0.109849	0.0832817	8.17555	7.32348	5.61781	4.22706	3.12962	2.39988	1.86458	1.45438	1.17324	0.90918	0.753563	0.61939	0.462115	0.413691	0.328717	0.288843	0.229939	0.20824	0.199605	0.166013	0.147708	0.120227	0.11353	0.103331	8.07294	7.27802	5.51993	4.19934	3.17756	2.45188	1.82381	1.46508	1.14606	0.909574	0.709275	0.63053	0.480027	0.392631	0.31879	0.28347	0.240716	0.211145	0.180254	0.148579	0.131823	0.119607	0.0941596	0.089731	8.22242	7.18879	5.60285	4.21695	3.10651	2.43234	1.83981	1.47972	1.17248	0.893974	0.722953	0.612602	0.489845	0.420036	0.335882	0.276595	0.249483	0.209273	0.177956	0.175369	0.127389	0.103284	0.113265	0.106611	8.07735	7.13934	5.54781	4.16867	3.1846	2.44873	1.8605	1.38474	1.13848	0.931654	0.733771	0.616447	0.496374	0.402574	0.323413	0.278229	0.250349	0.206815	0.171959	0.171746	0.137125	0.1102	0.0982904	0.0884033	8.17501	7.14045	5.59913	4.19706	3.23754	2.4147	1.89935	1.41735	1.11275	0.923537	0.734493	0.585799	0.495065	0.413798	0.323273	0.327762	0.249531	0.210412	0.193214	0.180478	0.149468	0.122825	0.116644	0.116874	8.16961	7.18314	5.55357	4.21815	3.14379	2.41433	1.88181	1.40112	1.12127	0.892336	0.735458	0.551394	0.483905	0.411849	0.32894	0.294682	0.24324	0.213283	0.162738	0.148761	0.132786	0.122787	0.104488	0.0989106	8.05558	7.17726	5.60226	4.2041	3.14319	2.41716	1.8293	1.38375	1.12196	0.891386	0.709027	0.575196	0.472824	0.40582	0.322325	0.277571	0.243021	0.196826	0.175011	0.149049	0.15032	0.11717	0.108243	0.0942727	8.21302	7.1697	5.58655	4.09538	3.11403	2.399	1.89224	1.45038	1.09563	0.915306	0.724524	0.576837	0.494501	0.381875	0.344404	0.293039	0.278435	0.219912	0.172913	0.166403	0.1261	0.119765	0.10944	0.0816438	8.08513	7.12008	5.50331	4.15487	3.12393	2.39681	1.84704	1.4459	1.10713	0.885014	0.736863	0.590792	0.465476	0.392111	0.345628	0.283274	0.239857	0.207652	0.164082	0.145784	0.128646	0.120199	0.105722	0.0841769	8.12418	7.21487	5.5488	4.18014	3.17446	2.41132	1.85359	1.43651	1.11846	0.899659	0.720911	0.582333	0.498265	0.409309	0.337723	0.296155	0.247263	0.204862	0.17468	0.145253	0.136715	0.123937	0.108326	0.0887842	
<type>2
<startTime>4320
<compartment>1
<stat>median
<data>33.275	34.2997	32.8741	30.7102	27.9024	25.0579	22.3781	19.6956	16.9742	15.0098	12.9238	11.2846	9.69135	8.52501	7.19212	6.39019	5.6181	5.06935	4.38934	3.77226	3.27093	3.09957	2.64105	2.37156	34.1424	35.3238	33.7784	31.6233	28.5379	25.8861	22.4802	19.588	17.2237	14.9552	13.2063	11.2313	9.78269	8.50014	7.36699	6.49915	5.52648	5.16086	4.39533	3.77997	3.34015	2.95886	2.82334	2.4311	34.5455	34.6977	33.2363	30.5013	27.9614	25.0622	21.5398	19.098	16.3666	14.3659	11.9973	10.5601	9.15852	7.85745	6.83659	5.87914	5.20814	4.54055	3.96113	3.27454	3.12289	2.88111	2.60815	2.10138	33.6506	35.037	32.7019	30.0427	27.1217	24.0132	21.0369	18.1461	15.7412	13.6539	11.6688	9.80842	8.64856	7.38214	6.33992	5.62419	4.84234	4.24148	3.74895	3.0375	2.87158	2.49099	2.23004	1.9985	33.4911	34.2789	32.2776	29.5286	26.7421	23.1299	20.3011	17.3724	15.0108	12.5811	10.8223	9.54309	8.03875	6.84401	6.03824	5.08581	4.44088	3.9518	3.31117	2.69565	2.57495	2.29972	1.94053	1.67034	32.8581	33.3485	31.5498	28.9138	25.4313	22.3699	19.511	16.5985	14.0931	12.2767	10.1722	8.63774	7.42159	6.33898	5.4279	4.66822	4.03097	3.43806	2.9572	2.6776	2.28583	1.81354	1.65875	1.43372	32.8375	33.2177	31.099	28.2871	25.1685	21.7187	18.776	15.9255	13.5837	11.2395	9.6774	8.31246	7.00186	5.78415	4.93708	4.25277	3.65939	3.15811	2.65516	2.32246	2.01648	1.92714	1.47256	1.38741	32.3461	32.5568	30.8976	28.1373	24.4917	21.1761	18.1523	15.6259	12.9328	10.8893	9.38491	7.59385	6.62655	5.5842	4.75127	4.1068	3.24075	2.9924	2.41828	2.0658	1.78556	1.69029	1.45847	1.25361	32.0439	32.246	30.1653	27.2334	23.7613	20.6527	17.518	15.02	12.4476	10.2604	8.7223	7.31583	6.13491	5.30565	4.33496	3.5945	2.95782	2.74882	2.30485	1.84427	1.62401	1.49169	1.24314	1.06017	31.84	31.8882	29.5773	26.5294	23.0139	20.0854	16.6164	14.1044	12.0109	10.1572	8.53667	6.91942	5.69669	4.91987	4.08359	3.51122	2.89656	2.48221	2.18365	1.8107	1.44448	1.35573	1.21088	0.997941	31.5292	31.3966	29.3421	26.0801	22.8825	19.1799	16.4515	14.2767	11.5491	9.75149	8.02489	6.57616	5.61604	4.41622	3.80934	3.10169	2.79061	2.26603	1.89042	1.63764	1.48985	1.19813	1.07639	0.927214	31.313	31.1445	28.6301	25.2191	22.0987	18.8227	15.7797	13.4963	11.1407	9.09267	7.51013	6.09141	5.20258	4.29938	3.59728	3.10048	2.49458	2.05251	1.67713	1.66316	1.27775	1.12091	0.979611	0.847401	31.1118	31.0452	28.5423	25.2268	21.9554	18.6189	15.517	12.7834	10.7256	8.78241	7.16252	5.92976	4.80865	4.23822	3.38246	2.84652	2.37456	2.09878	1.68976	1.38225	1.10173	0.97125	0.84493	0.788452	30.9415	30.5108	28.3161	24.7084	21.3186	18.0979	14.905	12.3979	10.2036	8.48857	6.8852	5.72746	4.50949	3.77796	3.085	2.59506	2.15006	1.85535	1.54342	1.2877	1.09299	0.93726	0.816889	0.720577	31.0073	29.8383	27.4321	24.3425	20.8878	17.5033	14.485	11.9463	9.90294	8.15705	6.47908	5.27093	4.298	3.62204	3.02539	2.46436	2.07155	1.6967	1.4592	1.20193	1.10782	0.897799	0.793607	0.717155	30.1934	30.0735	27.4284	23.8622	20.4688	17.0754	14.0152	11.5051	9.47804	7.71665	6.19903	5.13195	4.1961	3.39788	2.69358	2.33367	1.87619	1.50276	1.41807	1.08681	0.923966	0.793999	0.732891	0.609833	29.5556	29.4597	26.9069	23.5213	19.8153	16.7373	13.7109	11.2324	9.32964	7.56616	5.91138	4.95119	3.84104	3.24048	2.61988	2.20756	1.71071	1.58564	1.28648	0.944066	0.862902	0.815084	0.665206	0.507664	30.4163	29.6322	27.1398	23.6564	19.7121	16.7717	13.8302	11.4246	9.18857	7.3532	6.04687	4.86334	3.94158	3.17914	2.5082	2.24414	1.78172	1.47257	1.18863	1.05947	0.85858	0.763191	0.656852	0.599463	30.1222	29.6565	26.8059	23.4571	20.0102	16.6973	13.7506	11.2685	9.04919	7.40612	5.90743	4.8747	3.91958	3.34234	2.55327	2.21414	1.74735	1.47278	1.28424	1.0534	0.830969	0.701768	0.609426	0.592995	30.1621	29.5234	26.7817	23.5465	20.1792	16.623	13.8109	11.2039	9.13356	7.55089	6.01016	4.96946	3.98047	3.27154	2.64963	2.17202	1.83884	1.50788	1.22214	1.08654	0.86869	0.81958	0.657536	0.525971	30.3342	29.8166	26.7395	23.5323	19.7602	16.5908	13.9666	11.2431	9.00706	7.39857	5.92613	4.77674	3.93858	3.06484	2.60431	2.10283	1.79022	1.47227	1.19597	0.99699	0.858564	0.763926	0.560792	0.609651	29.7645	29.7713	27.0192	23.3637	20.0014	16.6727	13.6832	11.3422	9.23113	7.36004	5.91752	4.70668	3.90189	3.35256	2.69595	2.22159	1.82864	1.44425	1.17825	1.04026	0.928566	0.704855	0.682703	0.588179	30.1643	30.0463	26.9792	23.7646	20.2595	16.5874	13.9014	11.2234	8.99953	7.58113	6.20558	4.85402	4.03961	3.22571	2.70034	1.991	1.80359	1.5151	1.22988	1.13537	0.865037	0.703491	0.617024	0.630943	30.2505	29.9537	26.9092	23.4053	20.1455	16.7398	13.7121	11.2972	9.00733	7.41654	5.98993	4.7499	3.97854	3.21049	2.64639	2.16346	1.77992	1.51211	1.18703	1.01644	0.867034	0.684254	0.596947	0.474116	30.4026	29.3339	26.4035	23.8227	20.0743	16.9494	13.9444	11.3774	9.18737	7.22608	6.06885	4.82985	4.09265	3.10009	2.64297	2.16642	1.76056	1.48863	1.24282	0.936044	0.867439	0.709983	0.650539	0.563916	30.0383	29.6075	26.8729	23.4819	20.3428	16.5601	13.561	11.1618	9.0149	7.35245	5.80121	4.84481	3.84834	3.25619	2.63734	2.27868	1.83531	1.43162	1.32951	0.981459	0.918323	0.744425	0.631454	0.494351	29.6607	29.5552	26.8734	23.4076	19.7848	16.4201	13.7577	11.1036	9.1486	7.39421	5.94125	4.82552	3.98407	3.29255	2.73147	2.1291	1.72179	1.45515	1.19809	1.00161	0.857829	0.802713	0.668138	0.527581	30.3634	29.9085	26.9282	23.7591	20.0091	16.848	13.7097	11.1226	8.87376	7.24415	5.96115	4.82768	3.84445	3.21687	2.65942	2.1885	1.87517	1.43738	1.28619	1.00184	0.840868	0.717857	0.652992	0.545467	30.2897	29.8035	26.6533	23.5631	19.8542	16.3837	14.0412	10.9907	8.98239	7.3316	5.97878	4.6925	3.88632	3.24374	2.51952	2.11065	1.74832	1.44854	1.22833	0.959677	0.861233	0.72618	0.59183	0.552427	30.1545	29.4071	26.9495	23.4666	20.2143	16.6192	13.6457	11.1557	9.14226	7.23871	6.09272	4.9083	3.90215	3.28149	2.59502	2.15364	1.70912	1.34426	1.20685	1.09107	0.888375	0.685095	0.625739	0.553723	
<type>2
<startTime>4320
<compartment>2
<stat>median
<data>0.979235	0.983472	0.880382	0.751956	0.633546	0.546473	0.453381	0.393265	0.342976	0.291079	0.260653	0.218948	0.189062	0.163211	0.148087	0.129115	0.110503	0.101641	0.0884307	0.0755424	0.0680889	0.0623691	0.0574882	0.0524865	1.01787	1.01467	0.884924	0.76291	0.639289	0.543148	0.462926	0.397717	0.332321	0.291406	0.256666	0.216172	0.18661	0.16083	0.140217	0.125406	0.109408	0.100586	0.0869754	0.0759291	0.0674106	0.0600689	0.0561672	0.0513098	1.01446	1.00782	0.864268	0.729895	0.618157	0.515647	0.436917	0.364933	0.319255	0.264284	0.230886	0.191464	0.172287	0.153135	0.129321	0.115382	0.0988482	0.0903886	0.0810066	0.0702166	0.0646875	0.0553768	0.0506955	0.0472657	1.01027	0.995642	0.855586	0.705442	0.598008	0.497787	0.414615	0.346846	0.296899	0.250984	0.21194	0.187375	0.159825	0.137057	0.121888	0.102323	0.0914664	0.0797142	0.0710011	0.0663715	0.058882	0.0507689	0.0430427	0.038068	1.00869	0.967083	0.818189	0.686885	0.568283	0.470532	0.39382	0.32825	0.280719	0.228876	0.201347	0.169601	0.14478	0.127055	0.107612	0.0901527	0.0822095	0.0756735	0.0646083	0.0570853	0.0494837	0.0482557	0.0354127	0.0344463	0.990488	0.954547	0.796242	0.662266	0.543686	0.449004	0.368841	0.304897	0.248989	0.220963	0.186406	0.149371	0.130682	0.109812	0.0976293	0.0861719	0.0709786	0.0607931	0.0558913	0.0509906	0.0445062	0.0407852	0.036108	0.0321737	0.972789	0.928543	0.782794	0.628175	0.527745	0.420486	0.351289	0.284765	0.233569	0.194077	0.162084	0.140835	0.119552	0.105247	0.0867632	0.0779723	0.0644487	0.0587339	0.0514217	0.0462041	0.0375401	0.0345221	0.0303634	0.027794	0.976304	0.913387	0.754796	0.613779	0.502963	0.397156	0.32431	0.266083	0.213854	0.187384	0.157225	0.125701	0.110819	0.0928634	0.0822098	0.0675449	0.0618924	0.0548832	0.0432479	0.042186	0.0350573	0.0337692	0.0272458	0.0230148	0.955629	0.90152	0.739931	0.602633	0.476197	0.388079	0.315027	0.249812	0.206156	0.168539	0.143099	0.119149	0.103408	0.0866382	0.0734467	0.0606183	0.0571154	0.0505255	0.0452527	0.0381693	0.0322108	0.0319707	0.0254557	0.0213733	0.939288	0.876711	0.720985	0.571031	0.45598	0.360081	0.296344	0.239189	0.192235	0.158259	0.133055	0.111966	0.0953654	0.0768992	0.063443	0.0589904	0.0506653	0.0441923	0.0393217	0.0319262	0.0292728	0.024499	0.0231681	0.0184749	0.936262	0.874528	0.695862	0.557878	0.4489	0.342576	0.283149	0.223701	0.177639	0.149994	0.124376	0.099709	0.0894889	0.0748356	0.0626268	0.0538104	0.0445387	0.0384713	0.0337933	0.0306097	0.0270419	0.0237154	0.0218613	0.0193759	0.928586	0.853257	0.6925	0.534531	0.424744	0.326822	0.266385	0.211511	0.175436	0.137409	0.113545	0.0926684	0.0847188	0.0637244	0.0595716	0.0496347	0.0414667	0.0353715	0.0322056	0.0276723	0.0230856	0.0220147	0.0185693	0.0148539	0.933596	0.845271	0.670793	0.522447	0.407217	0.3281	0.250042	0.201591	0.163178	0.129452	0.106882	0.0901871	0.0761603	0.062169	0.0525705	0.0422573	0.038925	0.0363039	0.0282977	0.025261	0.019803	0.0182883	0.0177325	0.0145444	0.917034	0.824924	0.652665	0.508882	0.391601	0.303957	0.235903	0.184516	0.148729	0.122935	0.0940057	0.0816135	0.0687292	0.0559125	0.0487213	0.040116	0.0340656	0.0354284	0.0265837	0.0242908	0.0184744	0.0183695	0.0148314	0.0128921	0.905639	0.81958	0.639531	0.496802	0.371822	0.299557	0.2301	0.178129	0.139763	0.119643	0.0912194	0.0762654	0.0611011	0.0527423	0.0422653	0.0347541	0.0344301	0.0298051	0.026198	0.0201284	0.0177509	0.0154425	0.0143619	0.0118031	0.912355	0.79676	0.633069	0.475874	0.356057	0.280376	0.215693	0.166835	0.130348	0.108463	0.0901159	0.0737153	0.058985	0.0480411	0.0431536	0.0336552	0.0285308	0.0243712	0.0201972	0.0178939	0.0166389	0.0150165	0.0127349	0.010174	0.890337	0.790685	0.609881	0.456473	0.350226	0.265926	0.207676	0.160566	0.120901	0.0984624	0.079963	0.064864	0.0554364	0.0453644	0.0374083	0.0329081	0.0260917	0.0242464	0.0196298	0.0181831	0.0161284	0.0121693	0.011767	0.00920564	0.901283	0.798259	0.609811	0.457299	0.34981	0.267661	0.199842	0.161096	0.127632	0.0995333	0.0818153	0.070413	0.0541723	0.0463572	0.0390356	0.0320687	0.0295469	0.0231931	0.0220331	0.0161299	0.0139307	0.0125896	0.0137995	0.0105968	0.8914	0.796177	0.615599	0.457648	0.346567	0.267659	0.205296	0.156709	0.13106	0.102107	0.079554	0.0660688	0.0533162	0.0469183	0.0382012	0.0294262	0.0297091	0.0218461	0.019352	0.0173869	0.0144215	0.0122814	0.0137307	0.00946217	0.903735	0.796135	0.611023	0.46363	0.356547	0.26714	0.207295	0.157389	0.124444	0.098313	0.0782253	0.0667181	0.0545105	0.0513939	0.0385216	0.0334083	0.0253848	0.0241277	0.0192622	0.0175942	0.0154263	0.0126865	0.0112541	0.00982919	0.891749	0.794196	0.609167	0.462138	0.346682	0.266142	0.206325	0.154324	0.120794	0.104231	0.0814178	0.0664499	0.0530017	0.0453184	0.036788	0.0322205	0.0264481	0.0222132	0.0218013	0.0166187	0.0143917	0.0127995	0.0127071	0.0102898	0.890012	0.783243	0.606325	0.460001	0.343076	0.262956	0.206947	0.162733	0.122745	0.100021	0.0818114	0.0698971	0.0553899	0.0427629	0.0398444	0.0319195	0.028115	0.0231989	0.0202008	0.0162193	0.0145688	0.0126098	0.0114539	0.00930848	0.888675	0.793043	0.609642	0.466345	0.342224	0.264097	0.208283	0.160292	0.122862	0.100914	0.0821325	0.0657481	0.0572389	0.0455945	0.0386213	0.0305053	0.0274841	0.0217898	0.0200958	0.0175436	0.0151483	0.0135025	0.0118825	0.00877598	0.888172	0.789057	0.605531	0.458573	0.350809	0.26352	0.198486	0.155461	0.127723	0.0995925	0.0758402	0.0680464	0.0551445	0.0442175	0.0360582	0.0309528	0.0280113	0.0208366	0.0202413	0.0182003	0.0149314	0.0122261	0.0116816	0.0101606	0.89968	0.793001	0.615229	0.46835	0.343819	0.26325	0.204866	0.167141	0.127288	0.104357	0.0817492	0.0681133	0.0565688	0.0438153	0.0360653	0.0331613	0.0255282	0.0261016	0.020739	0.0173711	0.0153089	0.0145119	0.0114128	0.0102645	0.893439	0.795998	0.612	0.45802	0.353917	0.26554	0.2047	0.158744	0.128473	0.102598	0.0842616	0.0669872	0.0551759	0.0448712	0.0380404	0.0338883	0.028646	0.0214678	0.0208633	0.0173083	0.0168009	0.0131511	0.0109158	0.0119551	0.895185	0.783341	0.61117	0.453561	0.343179	0.258976	0.201891	0.156328	0.127024	0.0998288	0.0801134	0.0667604	0.0538427	0.0460796	0.0341592	0.031193	0.0251212	0.0229064	0.0203029	0.0168682	0.0165258	0.0121109	0.0120992	0.00976305	0.897782	0.79191	0.616783	0.465756	0.351653	0.266534	0.203357	0.158594	0.126359	0.101848	0.0766975	0.0692393	0.0510196	0.0468549	0.0372119	0.0326252	0.0282683	0.0219311	0.0216463	0.0174253	0.0157536	0.0130158	0.011894	0.0118983	0.891055	0.78666	0.597564	0.456972	0.343835	0.2625	0.196116	0.161443	0.126406	0.0996621	0.0792208	0.0663869	0.0567509	0.0476729	0.0362545	0.0282846	0.0261369	0.0217543	0.0205214	0.0165109	0.0156162	0.0133381	0.0118343	0.0107947	0.888699	0.798639	0.609597	0.449751	0.350553	0.26371	0.200728	0.156441	0.119246	0.101918	0.0783909	0.0665438	0.0560822	0.0421047	0.0351464	0.032274	0.0261597	0.0216991	0.0216698	0.0164189	0.0144301	0.0130995	0.0118197	0.0103446	
<type>2
<startTime>4320
<compartment>3
<stat>median
<data>3.63942	3.76003	3.66059	3.35505	3.08285	2.75573	2.44409	2.17509	1.91637	1.65533	1.43209	1.23611	1.09214	0.952568	0.821094	0.694288	0.643619	0.543532	0.486327	0.415358	0.374521	0.325413	0.305228	0.25275	3.75236	3.89764	3.75497	3.49828	3.13179	2.77812	2.46457	2.16767	1.90917	1.66087	1.41393	1.2133	1.08539	0.937554	0.798303	0.704928	0.616513	0.540118	0.478316	0.414697	0.353196	0.352264	0.297067	0.26803	3.79285	3.85489	3.67341	3.37218	3.08651	2.69026	2.39669	2.07579	1.82216	1.52943	1.36071	1.14472	1.02467	0.868175	0.732506	0.649994	0.578616	0.502263	0.451267	0.402705	0.323559	0.29584	0.288451	0.223857	3.68857	3.81389	3.59291	3.33138	2.97425	2.62039	2.3094	2.02348	1.73121	1.48809	1.30278	1.0811	0.946088	0.822445	0.703134	0.63241	0.527169	0.457903	0.396479	0.353552	0.300974	0.276852	0.224727	0.207051	3.71263	3.76321	3.52811	3.25051	2.96091	2.56724	2.24426	1.95838	1.62319	1.41605	1.22353	1.01882	0.88554	0.770193	0.653097	0.581595	0.487089	0.41556	0.363747	0.299144	0.280589	0.235677	0.216221	0.185115	3.62372	3.66647	3.45663	3.20794	2.85693	2.47005	2.15014	1.82011	1.552	1.33402	1.14124	0.986143	0.837885	0.678071	0.599538	0.494261	0.436374	0.391219	0.327743	0.274362	0.251292	0.209854	0.185675	0.166804	3.56976	3.64971	3.44311	3.09755	2.74685	2.39242	2.03927	1.77368	1.47898	1.26823	1.06061	0.910272	0.760013	0.653443	0.567608	0.457338	0.405824	0.351932	0.29597	0.282614	0.229265	0.194483	0.169237	0.145356	3.56165	3.58919	3.36914	3.08769	2.68947	2.34887	1.98106	1.68728	1.41489	1.19639	1.02199	0.872055	0.712492	0.614495	0.513668	0.457686	0.373543	0.320023	0.275698	0.240624	0.199411	0.168611	0.15359	0.135893	3.5621	3.58217	3.32582	2.99116	2.64147	2.2484	1.95445	1.61016	1.36634	1.15709	0.956348	0.81297	0.656327	0.572961	0.486519	0.426795	0.359617	0.291053	0.245641	0.209155	0.17993	0.172837	0.13392	0.124803	3.52614	3.52734	3.22238	2.91671	2.5438	2.17865	1.85209	1.55707	1.33681	1.09442	0.914619	0.749187	0.663187	0.537149	0.444711	0.387898	0.316611	0.276387	0.245747	0.193779	0.166824	0.153114	0.134436	0.110485	3.45575	3.5072	3.25934	2.87109	2.48866	2.14437	1.82812	1.52253	1.29102	1.05357	0.877774	0.725971	0.618313	0.511072	0.415432	0.34891	0.291581	0.256917	0.220132	0.17518	0.150729	0.133129	0.127397	0.103328	3.40128	3.40721	3.139	2.8474	2.43798	2.07484	1.73138	1.45197	1.18833	1.02322	0.832059	0.696049	0.566957	0.470743	0.378466	0.334612	0.276949	0.234195	0.19673	0.164071	0.151344	0.122479	0.114314	0.0921467	3.43497	3.39402	3.16758	2.79733	2.38573	2.04391	1.70967	1.42274	1.15481	0.991325	0.794791	0.650261	0.550775	0.438383	0.36914	0.316658	0.264864	0.22168	0.190977	0.155477	0.123804	0.114532	0.0855477	0.0873587	3.39423	3.35844	3.11856	2.7402	2.37676	1.95816	1.63745	1.3749	1.10908	0.908948	0.751806	0.613395	0.507117	0.4135	0.33256	0.290512	0.242328	0.194161	0.174271	0.153587	0.118312	0.115378	0.0890429	0.0853231	3.35965	3.32515	3.06836	2.70069	2.26858	1.93067	1.6068	1.30556	1.09841	0.868347	0.717208	0.585018	0.483846	0.39193	0.311909	0.273593	0.23188	0.182493	0.162214	0.134681	0.115015	0.0955969	0.0825107	0.0691072	3.35951	3.29498	2.99355	2.58832	2.24458	1.87063	1.57001	1.25859	1.05431	0.841795	0.687551	0.567436	0.464064	0.374259	0.314511	0.258088	0.206639	0.167572	0.141992	0.132765	0.10358	0.0845723	0.071482	0.069468	3.29032	3.25409	2.9284	2.54527	2.21847	1.84447	1.52579	1.22754	1.00223	0.801266	0.652078	0.550589	0.443323	0.360115	0.271227	0.243988	0.195717	0.161572	0.139134	0.108976	0.109028	0.0841505	0.070716	0.0671626	3.27947	3.23401	2.92862	2.60303	2.20969	1.82285	1.48492	1.24337	1.01487	0.819122	0.663031	0.55475	0.453744	0.344023	0.281131	0.234386	0.212001	0.171658	0.13691	0.112468	0.0908603	0.0772602	0.0771097	0.0619914	3.26026	3.21963	2.94938	2.62707	2.20876	1.83144	1.49576	1.2294	1.00207	0.82371	0.646916	0.529478	0.433927	0.364921	0.289758	0.233697	0.192205	0.169581	0.130391	0.118761	0.105973	0.075439	0.0689701	0.0581804	3.30763	3.30486	2.98433	2.57896	2.204	1.81532	1.51547	1.22862	0.977783	0.83654	0.656471	0.538622	0.446468	0.353609	0.28133	0.236173	0.201265	0.153523	0.143261	0.109284	0.0966671	0.0784678	0.0711734	0.0623165	3.28266	3.25777	2.97552	2.59732	2.19128	1.83835	1.50424	1.25218	0.991234	0.808483	0.669843	0.534595	0.427444	0.352263	0.270561	0.233239	0.193038	0.158684	0.138893	0.113383	0.0965531	0.080011	0.0681442	0.0606697	3.34254	3.25517	2.95026	2.5588	2.15559	1.80683	1.5044	1.23676	1.01912	0.814237	0.671855	0.542691	0.431851	0.353989	0.284909	0.233945	0.193586	0.169234	0.135891	0.110394	0.0931304	0.0872428	0.0671127	0.0628261	3.27016	3.23764	2.98727	2.6102	2.18071	1.83829	1.55509	1.22801	1.03017	0.818248	0.654166	0.543311	0.436879	0.350665	0.288617	0.23461	0.193153	0.164684	0.131379	0.119631	0.0946859	0.083793	0.0666239	0.0604212	3.30689	3.2348	2.94068	2.57741	2.19799	1.81575	1.50323	1.22271	0.993818	0.812434	0.663886	0.534075	0.43292	0.3511	0.276202	0.229037	0.194152	0.165754	0.134554	0.118295	0.0928847	0.0782986	0.064155	0.0600484	3.31762	3.27654	2.98017	2.59571	2.19668	1.82597	1.49388	1.22949	1.00619	0.789996	0.655559	0.548492	0.42382	0.358261	0.279902	0.23617	0.197575	0.158869	0.140157	0.113985	0.0945615	0.0859045	0.0692739	0.0601319	3.33305	3.27607	2.96093	2.58856	2.18842	1.84149	1.51195	1.24534	1.00664	0.823397	0.681252	0.520608	0.446058	0.362357	0.281207	0.228465	0.189131	0.166344	0.134962	0.122132	0.10386	0.0810482	0.0704736	0.0612861	3.34459	3.23856	2.97049	2.56826	2.14492	1.81188	1.51287	1.22629	0.993808	0.794355	0.632401	0.547704	0.42397	0.358786	0.284948	0.226548	0.199534	0.154768	0.134142	0.111757	0.101788	0.0808582	0.0628533	0.0569615	3.3003	3.23928	2.97019	2.57568	2.22616	1.8479	1.51147	1.23412	0.98792	0.805087	0.646874	0.537589	0.426846	0.357036	0.28301	0.238653	0.192129	0.160699	0.135233	0.105868	0.0938804	0.0782086	0.0718097	0.0548295	3.3382	3.26517	2.95941	2.59528	2.20972	1.80476	1.4933	1.21258	1.00431	0.831485	0.645455	0.534993	0.42795	0.348988	0.284971	0.235557	0.200424	0.164715	0.131479	0.116017	0.0951632	0.0808681	0.0700763	0.0598502	3.32761	3.27392	2.96209	2.57678	2.1506	1.83017	1.50324	1.22719	1.00799	0.815298	0.642084	0.537331	0.422536	0.351956	0.282864	0.240393	0.185489	0.15971	0.142824	0.119095	0.101046	0.0790691	0.0695528	0.05896	
<type>3
<startTime>4320
<compartment>0
<stat>median
<data>2.41944	3.38244	3.71557	3.71824	3.5821	3.24807	2.9954	2.77967	2.47984	2.20275	1.9968	1.77496	1.59731	1.49961	1.29771	1.1538	1.03918	0.925773	0.858483	0.764599	0.696727	0.639864	0.564518	0.496508	2.88015	3.84483	4.10563	4.06585	3.90983	3.62058	3.11571	2.98699	2.67796	2.4241	2.19799	1.97234	1.81595	1.58822	1.4021	1.26461	1.14777	1.03624	0.940466	0.89538	0.816393	0.722328	0.653102	0.610138	2.89237	3.93402	4.11991	4.13988	3.90423	3.6066	3.35165	2.98979	2.68567	2.51295	2.17443	2.02079	1.84477	1.60591	1.46171	1.31696	1.16166	1.07726	0.944928	0.883762	0.782546	0.706352	0.657879	0.571011	2.93116	3.86875	4.15481	4.16646	3.93437	3.69762	3.26287	2.96997	2.74002	2.47151	2.17109	2.01612	1.89114	1.59242	1.48084	1.32119	1.2339	1.05532	0.97164	0.845757	0.791249	0.721186	0.641846	0.620379	2.93307	3.90025	4.2003	4.15658	3.80867	3.59696	3.2997	2.9737	2.78387	2.51423	2.20274	1.99607	1.7523	1.65213	1.45214	1.34116	1.21319	1.07134	0.976293	0.893231	0.803504	0.710177	0.649646	0.579622	2.96264	3.9287	4.20505	4.14058	3.95541	3.62616	3.3648	3.00495	2.74856	2.44629	2.2912	1.9953	1.8002	1.65101	1.4337	1.3097	1.22411	1.11175	0.979318	0.922697	0.763986	0.714064	0.679045	0.598126	2.97182	3.87243	4.28021	4.15492	3.99898	3.69128	3.31526	3.06851	2.82231	2.43144	2.25982	2.03688	1.77097	1.58521	1.48487	1.33931	1.20863	1.0921	0.954454	0.892738	0.81905	0.690774	0.672198	0.589561	3.00845	3.94027	4.14617	4.1853	3.99484	3.55945	3.30089	3.04552	2.73655	2.46753	2.26949	1.9824	1.80639	1.64723	1.43295	1.24499	1.17294	1.10624	1.00873	0.831275	0.777881	0.75104	0.675902	0.600411	2.94261	3.93568	4.20403	4.18246	3.85735	3.64036	3.37209	3.0494	2.70977	2.53486	2.1613	2.0897	1.82467	1.67292	1.44058	1.3176	1.18908	1.04643	0.988833	0.86587	0.800237	0.715601	0.659623	0.586067	2.89117	3.91736	4.18414	4.16133	4.04651	3.65492	3.31251	2.99046	2.8102	2.49137	2.28785	1.98776	1.8188	1.62234	1.49121	1.33256	1.19808	1.07314	0.93334	0.870395	0.810802	0.743348	0.636536	0.581362	2.91615	3.98575	4.18772	4.03015	3.90203	3.64347	3.30269	3.06875	2.71012	2.47329	2.21669	1.97624	1.82818	1.58725	1.53614	1.35961	1.16451	1.10261	0.935102	0.885216	0.812616	0.665481	0.693193	0.606287	2.87771	3.99897	4.26303	4.19167	3.96482	3.70287	3.33543	3.04035	2.67855	2.43016	2.24445	2.10681	1.84818	1.70288	1.44882	1.33798	1.20998	1.07815	0.971143	0.824968	0.84279	0.727102	0.685287	0.628034	2.93827	3.87136	4.20489	4.1132	3.90216	3.65403	3.25222	3.11436	2.7948	2.47506	2.21797	2.02769	1.77169	1.53267	1.42576	1.30553	1.20453	1.0809	0.9468	0.911414	0.785997	0.720654	0.676768	0.561371	2.93237	3.85905	4.22724	4.18204	4.01084	3.56152	3.3338	3.07551	2.80783	2.42868	2.16503	2.01987	1.81148	1.55836	1.48191	1.35047	1.13485	1.08025	0.995442	0.88377	0.774653	0.719657	0.64336	0.584918	2.90482	4.01108	4.24602	4.18915	4.11	3.64643	3.31317	2.96122	2.72313	2.48658	2.22132	2.02023	1.74736	1.60683	1.50354	1.31374	1.2051	1.03731	0.948605	0.873234	0.766935	0.742575	0.609651	0.567739	2.86869	3.87907	4.18104	4.08953	3.94714	3.60121	3.38174	3.03682	2.71256	2.52274	2.25191	2.00492	1.84807	1.65071	1.50563	1.32233	1.2186	1.09538	0.959239	0.906439	0.820508	0.722229	0.661648	0.606043	2.89269	3.86808	4.2207	4.03167	3.986	3.74075	3.3078	3.06349	2.73939	2.48266	2.30934	1.97502	1.79121	1.58553	1.43234	1.35349	1.20015	1.05076	0.948781	0.910528	0.806657	0.728325	0.672186	0.565289	2.86214	3.778	4.19318	4.03567	3.92496	3.52024	3.4341	2.97732	2.78703	2.5385	2.15093	2.01601	1.77481	1.62106	1.48275	1.30504	1.20569	1.06701	0.989261	0.842989	0.785462	0.718919	0.647896	0.609768	2.95907	3.84278	4.23514	4.2368	3.81212	3.65695	3.32205	3.0228	2.69859	2.53978	2.16579	2.04955	1.79072	1.68172	1.44404	1.31425	1.19268	1.06846	1.00449	0.911123	0.815418	0.676447	0.6556	0.565263	2.93183	3.92175	4.08279	4.14847	3.92065	3.67837	3.23294	3.01926	2.732	2.46982	2.21669	1.98363	1.84018	1.62382	1.44206	1.34356	1.16779	1.04788	0.96947	0.895913	0.811738	0.731968	0.668973	0.609366	2.88013	3.90366	4.21817	4.2199	3.98015	3.71281	3.34958	3.12101	2.76485	2.43017	2.26559	2.02945	1.86546	1.62435	1.49681	1.35598	1.17948	1.05597	0.946131	0.874028	0.838778	0.703275	0.620372	0.589065	2.83589	3.83644	4.19084	4.09181	3.95284	3.62015	3.31673	3.08632	2.7463	2.46171	2.21253	1.93239	1.76328	1.60082	1.47291	1.3194	1.17477	1.08905	1.01558	0.849717	0.766649	0.740461	0.678064	0.560188	2.90995	3.8855	4.30749	4.14436	3.92977	3.62365	3.37668	3.04971	2.77288	2.49748	2.25225	2.02246	1.80744	1.62534	1.4559	1.30491	1.19234	1.07778	0.974176	0.890784	0.777391	0.700731	0.624919	0.566241	2.90311	3.8917	4.10662	4.19759	3.95391	3.69775	3.3878	3.02919	2.75801	2.44207	2.23645	2.11398	1.8126	1.56305	1.45877	1.27337	1.2241	1.09518	0.995794	0.845181	0.790849	0.729913	0.681498	0.605596	2.93008	3.92168	4.08849	4.08815	3.97292	3.60804	3.2592	3.07848	2.71008	2.44809	2.15807	2.03921	1.85185	1.65397	1.44817	1.30168	1.17565	1.02633	0.992249	0.854435	0.78325	0.682037	0.691715	0.579988	2.90059	3.94939	4.13158	4.14618	3.97491	3.66928	3.39488	3.04095	2.67181	2.46728	2.32748	1.97294	1.80985	1.59196	1.44771	1.33239	1.21396	1.1269	0.97057	0.884684	0.817491	0.752525	0.664413	0.5569	2.99844	3.98692	4.10778	4.18513	4.00754	3.59346	3.29597	3.04291	2.90027	2.57657	2.21568	2.01778	1.81679	1.66522	1.48466	1.33434	1.18584	1.07218	1.0152	0.905002	0.827226	0.754263	0.664039	0.606181	2.89125	3.90822	4.22679	4.19798	3.93174	3.66638	3.40859	2.96682	2.80397	2.48359	2.25592	2.04412	1.79381	1.60674	1.46279	1.29155	1.22167	1.0759	0.898761	0.886335	0.803957	0.703506	0.613371	0.576024	2.93799	3.88763	4.20061	4.04658	3.9426	3.64522	3.35084	3.05683	2.81901	2.41963	2.20222	2.0567	1.83792	1.60243	1.41833	1.31157	1.17921	1.06553	0.982686	0.819773	0.810568	0.731967	0.651377	0.608915	2.8866	3.9298	4.18592	4.10145	3.91999	3.61276	3.36891	3.00188	2.77894	2.36985	2.20097	1.97782	1.809	1.6075	1.43792	1.34545	1.1605	1.07364	0.925655	0.900996	0.777381	0.725276	0.662182	0.601796	
<type>3
<startTime>4320
<compartment>1
<stat>median
<data>3.57195	5.09519	5.56314	5.55892	5.43088	5.0802	4.45186	4.20178	3.73136	3.40533	2.94907	2.66344	2.40043	2.22589	1.95903	1.86784	1.64007	1.42572	1.26637	1.19015	1.03667	0.989181	0.882441	0.777825	4.26981	5.77349	6.1706	6.21211	5.78228	5.47916	4.91961	4.47096	4.09587	3.74719	3.22646	2.92686	2.76931	2.44358	2.18709	2.01827	1.74162	1.61424	1.48997	1.27578	1.20985	1.04679	0.985674	0.908788	4.42597	5.77837	6.30407	6.11707	5.78914	5.42148	4.91239	4.57677	4.17099	3.80239	3.4112	2.94382	2.85835	2.44703	2.23856	1.98957	1.77338	1.62424	1.47018	1.34762	1.16223	1.03809	0.942183	0.898122	4.36009	5.80883	6.45304	6.08442	5.8724	5.6069	5.13991	4.46149	4.24146	3.76478	3.38914	3.08659	2.77409	2.43575	2.21416	2.00066	1.78944	1.65954	1.43386	1.29482	1.24293	1.07653	0.994697	0.851183	4.3451	5.91257	6.2017	6.15805	6.0018	5.43769	5.10665	4.5677	4.10054	3.79665	3.35277	3.08425	2.72992	2.44172	2.21753	1.94588	1.76948	1.60332	1.43751	1.29008	1.22372	1.12439	0.985905	0.915993	4.4287	5.84715	6.34638	6.1656	6.01382	5.58133	4.90461	4.60461	4.14356	3.85646	3.37675	3.09135	2.74785	2.4273	2.26972	2.04088	1.81248	1.68627	1.4544	1.37109	1.17905	1.1347	1.07091	0.913853	4.36402	5.85813	6.37719	6.15925	6.10075	5.39262	5.0789	4.44774	4.15963	3.79545	3.47998	3.0287	2.75246	2.50498	2.28864	2.05953	1.78343	1.62036	1.44872	1.26513	1.22952	1.10723	0.987217	0.870647	4.29992	5.72419	6.25307	6.16096	6.04881	5.56392	4.96285	4.61271	4.05455	3.74749	3.31649	3.04769	2.73914	2.38353	2.24429	2.02209	1.82595	1.64952	1.39128	1.30987	1.23353	1.06152	0.97386	0.924812	4.34927	5.77938	6.35657	6.24062	6.02272	5.60296	4.99598	4.61383	4.26136	3.74483	3.4185	3.11298	2.7947	2.55343	2.1728	2.0458	1.83596	1.59016	1.56997	1.34358	1.22651	1.04655	1.00391	0.926669	4.39522	5.85201	6.27958	6.21022	5.96522	5.4645	4.96793	4.75019	4.25026	3.83447	3.41883	2.98017	2.65786	2.49078	2.22414	2.02928	1.83976	1.60868	1.5406	1.30137	1.21075	1.11142	1.04119	0.916952	4.44884	5.85439	6.17305	6.21172	5.83734	5.42326	5.00744	4.62722	4.00881	3.73577	3.44545	3.0992	2.63312	2.39595	2.33488	1.97403	1.79367	1.63797	1.41592	1.38168	1.13356	1.09351	0.991345	0.866865	4.33658	5.82684	6.20737	6.33211	5.87366	5.37739	5.11653	4.56426	4.16463	3.75224	3.45629	3.11923	2.71372	2.46856	2.21331	2.10518	1.81413	1.6823	1.44609	1.3271	1.21114	1.06736	1.04161	0.933681	4.3821	5.71405	6.37004	6.2818	6.03173	5.46859	5.00195	4.71601	4.05444	3.68227	3.39847	2.99149	2.74562	2.44086	2.2131	1.94224	1.81004	1.65333	1.46441	1.27085	1.21715	1.04717	1.06664	0.91093	4.5508	5.77212	6.31637	6.0834	5.92585	5.48737	5.10442	4.46823	4.05205	3.7432	3.27627	3.04371	2.71797	2.46912	2.20546	1.87582	1.9076	1.60949	1.43386	1.34505	1.24189	1.03227	1.01264	0.895821	4.282	5.89065	6.36422	6.18309	5.88838	5.41964	5.05001	4.51935	4.14438	3.61666	3.37155	2.95686	2.7706	2.43704	2.22761	2.08885	1.80363	1.62409	1.44045	1.31502	1.21795	1.11551	0.966569	0.899071	4.39325	5.99303	6.2991	6.26843	5.86382	5.34649	5.12048	4.63525	4.06464	3.82899	3.3583	2.98754	2.63598	2.59852	2.21384	2.11677	1.84857	1.59302	1.51267	1.35537	1.18085	1.07778	1.02466	0.923643	4.3898	5.74568	6.39224	6.26091	5.90279	5.49312	5.09281	4.63651	4.10986	3.87991	3.3793	3.07524	2.72451	2.48555	2.22658	2.00965	1.87103	1.64898	1.4139	1.36927	1.1704	1.05208	0.968186	0.84361	4.44567	5.87733	6.38303	6.19282	5.88269	5.59409	4.97638	4.56048	4.26897	3.87203	3.3986	3.08285	2.75787	2.44861	2.24593	2.02034	1.86705	1.63485	1.46897	1.35075	1.21991	1.02995	0.988195	0.920744	4.41686	5.80647	6.39053	6.26472	5.84497	5.49424	5.12377	4.67129	4.16089	3.75317	3.3041	3.07201	2.7313	2.51855	2.28039	1.9423	1.82908	1.68876	1.44607	1.3432	1.24197	1.07396	1.00077	0.920291	4.40917	5.76938	6.28858	6.13779	6.09324	5.55218	5.07197	4.63782	4.14031	3.69817	3.39437	3.12452	2.73521	2.42677	2.13922	1.97044	1.76313	1.66996	1.50236	1.26057	1.21689	1.06736	1.03331	0.92159	4.33127	5.82976	6.31264	6.18743	5.84014	5.5111	5.0882	4.59087	4.18257	3.64714	3.40012	3.01519	2.72296	2.55459	2.25072	1.99449	1.88656	1.66439	1.51935	1.4381	1.23119	1.0853	1.00012	0.937084	4.34883	5.679	6.28632	6.1694	5.79216	5.55723	5.06763	4.58113	4.17262	3.80157	3.31063	3.04584	2.71667	2.40815	2.19362	2.02698	1.77397	1.67158	1.41869	1.26334	1.17007	1.08457	1.03039	0.897603	4.36069	5.84038	6.26842	6.19109	5.98632	5.62966	4.95719	4.56046	4.00564	3.73162	3.34198	3.04172	2.79743	2.55667	2.10545	1.9215	1.85526	1.68039	1.47356	1.34385	1.25345	1.06509	1.01561	0.845118	4.36563	5.9767	6.33829	6.29988	5.83451	5.49916	4.97336	4.67559	4.24597	3.83466	3.24575	3.06206	2.69186	2.50116	2.13981	2.02368	1.8779	1.60927	1.45248	1.33499	1.2355	1.07763	0.977498	0.882206	4.37947	5.78875	6.31587	6.0243	5.9447	5.46588	5.06664	4.44714	4.10956	3.71381	3.40954	2.97224	2.72745	2.5049	2.25156	2.0378	1.75489	1.55363	1.41621	1.36041	1.1633	1.12998	0.98906	0.822724	4.37612	5.85198	6.2442	6.05608	5.87747	5.4886	4.92063	4.49622	4.26042	3.71406	3.4278	3.01979	2.75144	2.53232	2.29757	2.05813	1.81469	1.64607	1.43153	1.37979	1.21393	1.10047	1.03664	0.890217	4.38471	5.9364	6.27196	6.30489	5.99259	5.56807	5.00072	4.69393	4.10409	3.76078	3.40045	3.00396	2.6909	2.41614	2.29222	2.08901	1.86763	1.63912	1.48441	1.29093	1.26726	1.09842	1.0043	0.921841	4.35602	5.79544	6.36789	6.19317	5.9334	5.38011	5.05968	4.7032	4.12953	3.66445	3.44095	3.10716	2.70645	2.49222	2.19006	1.97966	1.75922	1.69501	1.45173	1.33233	1.2435	1.08984	1.0188	0.874554	4.33786	5.8002	6.21886	6.31226	5.94075	5.43554	5.05158	4.42174	4.16259	3.74291	3.40918	3.02944	2.70047	2.45303	2.20725	1.95832	1.77033	1.59892	1.37797	1.26482	1.18447	1.04823	0.964034	0.903917	4.35106	5.76065	6.25859	6.23989	5.8287	5.43405	4.95131	4.54371	4.10305	3.82569	3.3076	3.07789	2.74229	2.40191	2.19892	1.95813	1.83004	1.64841	1.56531	1.29314	1.21162	1.11048	0.971019	0.940668	
<type>3
<startTime>4320
<compartment>2
<stat>median
<data>1.0735	1.51109	1.65964	1.65755	1.59222	1.48723	1.35694	1.25901	1.09733	0.980302	0.876169	0.804205	0.708905	0.644708	0.598098	0.512647	0.480803	0.417482	0.397467	0.335785	0.311159	0.268874	0.251223	0.238765	1.30421	1.71264	1.84077	1.835	1.76357	1.62163	1.46113	1.34416	1.21763	1.13193	1.01257	0.883591	0.794519	0.735514	0.655765	0.580465	0.535077	0.463039	0.441555	0.398716	0.349932	0.321669	0.29997	0.259926	1.29258	1.75397	1.90338	1.84449	1.76808	1.62382	1.51735	1.32939	1.24095	1.05932	0.989084	0.933531	0.800605	0.732329	0.651464	0.588295	0.525489	0.460515	0.421505	0.400672	0.354624	0.31903	0.272976	0.267216	1.30717	1.73512	1.83281	1.8555	1.77438	1.65863	1.48588	1.3486	1.22401	1.11271	1.01721	0.944088	0.804898	0.712933	0.678646	0.600209	0.532914	0.481561	0.421473	0.389473	0.373191	0.336073	0.291282	0.262468	1.34794	1.74103	1.9159	1.8497	1.74649	1.62199	1.48748	1.3167	1.21657	1.13865	1.00095	0.892125	0.805164	0.714422	0.682628	0.590671	0.528937	0.495718	0.433413	0.387949	0.36484	0.321116	0.305382	0.266461	1.32878	1.73493	1.89788	1.87542	1.74757	1.67769	1.48248	1.41955	1.2202	1.10391	1.0133	0.890313	0.818598	0.732327	0.680926	0.561588	0.546791	0.495848	0.429767	0.406528	0.365965	0.337953	0.285328	0.283078	1.34181	1.76471	1.88224	1.82852	1.74329	1.63349	1.50025	1.40092	1.2305	1.11586	1.01151	0.909753	0.783948	0.741521	0.648735	0.573327	0.56235	0.490656	0.408854	0.397704	0.38454	0.328254	0.305124	0.256701	1.32167	1.7375	1.91061	1.80028	1.79258	1.63894	1.47737	1.36695	1.23237	1.06927	1.01428	0.908102	0.815505	0.730905	0.642863	0.576008	0.524586	0.492597	0.438179	0.391264	0.344174	0.339377	0.300564	0.263709	1.31217	1.77524	1.89708	1.85156	1.76496	1.65701	1.49216	1.39059	1.22794	1.12735	0.987474	0.917841	0.828942	0.723046	0.662262	0.594234	0.52804	0.485505	0.43004	0.397966	0.367506	0.312644	0.302105	0.262465	1.33008	1.75198	1.89147	1.85948	1.7695	1.651	1.49225	1.37984	1.20725	1.08858	1.02446	0.94385	0.820632	0.727046	0.671465	0.592147	0.557351	0.493892	0.468095	0.385117	0.351398	0.333627	0.31004	0.263631	1.29549	1.76506	1.8643	1.85245	1.75526	1.63702	1.49742	1.36217	1.23235	1.11572	0.977143	0.895447	0.833326	0.736369	0.675661	0.585372	0.537163	0.472077	0.422024	0.387313	0.332566	0.330578	0.2913	0.266453	1.31187	1.74612	1.87332	1.88245	1.78573	1.58263	1.49478	1.36018	1.24213	1.11209	1.01853	0.917305	0.847271	0.714164	0.653469	0.602904	0.534799	0.496263	0.442909	0.401903	0.355222	0.312142	0.288875	0.2642	1.30483	1.76591	1.86554	1.86476	1.74193	1.63122	1.49253	1.41188	1.2136	1.12643	1.00793	0.903538	0.80381	0.730735	0.655071	0.586802	0.534161	0.491635	0.415031	0.392506	0.367841	0.313202	0.291176	0.26947	1.306	1.76225	1.91956	1.83331	1.7614	1.66828	1.51664	1.38004	1.23095	1.08262	1.01523	0.907503	0.786548	0.73178	0.645692	0.599441	0.523742	0.491656	0.441139	0.390288	0.355417	0.330926	0.291791	0.268009	1.30152	1.76971	1.85858	1.86393	1.75283	1.64853	1.48215	1.32767	1.24303	1.13083	0.988776	0.918018	0.800744	0.744037	0.675523	0.602691	0.529404	0.485254	0.44177	0.390737	0.363408	0.328225	0.282102	0.260943	1.31256	1.76754	1.88462	1.8695	1.80013	1.5981	1.53648	1.37472	1.25992	1.11466	1.02112	0.931974	0.823591	0.705949	0.674816	0.58847	0.516489	0.476895	0.429479	0.40617	0.377464	0.330344	0.287462	0.275866	1.31303	1.76032	1.86052	1.86965	1.73045	1.63719	1.52808	1.39455	1.24031	1.13244	1.00654	0.953637	0.831619	0.726706	0.665774	0.613597	0.538546	0.496526	0.458563	0.408235	0.362955	0.321513	0.296825	0.260246	1.32817	1.76454	1.89414	1.85452	1.78537	1.66397	1.47493	1.34818	1.20977	1.12254	0.960691	0.904494	0.805275	0.726516	0.618464	0.609756	0.531146	0.49109	0.436649	0.402778	0.357506	0.319245	0.303415	0.277695	1.32132	1.75071	1.89284	1.9036	1.73896	1.63148	1.5045	1.35654	1.1842	1.13555	1.01981	0.925313	0.830021	0.743636	0.678511	0.58684	0.522479	0.481515	0.424635	0.387534	0.362232	0.32771	0.278104	0.254789	1.30833	1.7418	1.86834	1.83229	1.74581	1.61758	1.51912	1.38133	1.25642	1.16218	0.980526	0.90199	0.82401	0.695421	0.641791	0.610191	0.555692	0.483815	0.435539	0.388058	0.36599	0.32245	0.27442	0.264343	1.32087	1.73926	1.83201	1.92921	1.73609	1.63139	1.47897	1.40987	1.23964	1.14959	1.00366	0.921068	0.81159	0.727024	0.640923	0.602253	0.552825	0.502997	0.454016	0.406197	0.371979	0.321374	0.295072	0.272614	1.3293	1.7257	1.87993	1.83209	1.78051	1.60948	1.53122	1.40008	1.23962	1.11894	0.98768	0.896329	0.830082	0.722014	0.675183	0.609173	0.524475	0.480807	0.443449	0.378703	0.342768	0.322499	0.289468	0.28021	1.31582	1.76897	1.88573	1.85182	1.78888	1.60557	1.47911	1.37505	1.23795	1.14723	1.01455	0.894073	0.834784	0.730813	0.656232	0.566198	0.53634	0.492573	0.429588	0.402087	0.357884	0.35536	0.287033	0.270015	1.29742	1.699	1.85324	1.84572	1.77183	1.599	1.50765	1.37799	1.22594	1.13695	1.00814	0.888522	0.834699	0.74589	0.650814	0.588057	0.530386	0.488407	0.459101	0.384768	0.352795	0.323507	0.29526	0.245961	1.33284	1.76189	1.88301	1.85691	1.7615	1.60837	1.50643	1.3475	1.22303	1.12697	0.977491	0.916841	0.808706	0.717725	0.656032	0.585193	0.534831	0.486975	0.430326	0.411739	0.355562	0.323552	0.29009	0.258297	1.30804	1.724	1.88053	1.88426	1.73639	1.62837	1.4636	1.37787	1.26468	1.10309	0.983378	0.929181	0.818103	0.733883	0.65731	0.588527	0.535518	0.499087	0.443723	0.396213	0.356371	0.327383	0.287425	0.282952	1.31563	1.76536	1.90293	1.83196	1.77609	1.64106	1.46692	1.38292	1.21371	1.08036	0.984324	0.915531	0.799245	0.733482	0.666382	0.58633	0.553453	0.490859	0.429463	0.414157	0.369918	0.318162	0.309679	0.261619	1.30388	1.72963	1.88109	1.8683	1.73669	1.60547	1.53777	1.34897	1.25876	1.10651	0.980532	0.928412	0.835521	0.737979	0.644652	0.599709	0.551766	0.46514	0.437567	0.392437	0.360782	0.32182	0.29271	0.263365	1.29458	1.71634	1.83759	1.86884	1.7592	1.61487	1.4847	1.39091	1.24456	1.09711	1.00066	0.897984	0.823002	0.708562	0.664248	0.588539	0.547255	0.475873	0.432028	0.403039	0.352479	0.304232	0.288204	0.263661	1.31712	1.75499	1.85334	1.87597	1.74895	1.6416	1.51955	1.35803	1.23511	1.11584	1.01324	0.921955	0.828191	0.730981	0.664695	0.61816	0.532811	0.468791	0.435457	0.386274	0.373869	0.318851	0.29338	0.267094	
<type>3
<startTime>4320
<compartment>3
<stat>median
<data>1.61473	2.30862	2.50839	2.51188	2.43181	2.27558	2.02721	1.90055	1.68324	1.50865	1.3743	1.22816	1.12508	0.989319	0.894039	0.777221	0.712247	0.655184	0.603091	0.524429	0.465509	0.44581	0.387817	0.365974	1.91485	2.58373	2.79564	2.7725	2.59732	2.52752	2.27411	2.03917	1.85713	1.6966	1.46457	1.39174	1.22067	1.13202	1.04227	0.883066	0.832735	0.720771	0.662906	0.591351	0.542603	0.484611	0.441704	0.396402	1.92606	2.63634	2.86598	2.84954	2.68039	2.51727	2.27917	1.99546	1.87558	1.6642	1.49526	1.36869	1.22172	1.09459	1.01465	0.912095	0.794387	0.748778	0.653168	0.575531	0.535435	0.51652	0.464034	0.392832	1.97026	2.65572	2.88018	2.79925	2.67445	2.58481	2.26785	2.0546	1.87695	1.75716	1.4682	1.36182	1.2626	1.11333	1.0144	0.907193	0.848136	0.737393	0.650804	0.594664	0.555638	0.52042	0.443139	0.426887	1.96237	2.63446	2.78757	2.84555	2.69439	2.46811	2.25926	2.08663	1.8932	1.70914	1.51933	1.35922	1.26624	1.11765	1.021	0.933347	0.821666	0.72698	0.689103	0.614088	0.557806	0.491267	0.446887	0.401367	1.97761	2.63971	2.82484	2.79359	2.68695	2.48393	2.36598	2.07356	1.85893	1.71439	1.54281	1.36609	1.25105	1.11765	1.02015	0.929892	0.825708	0.739877	0.693684	0.597088	0.562269	0.507607	0.47318	0.401699	1.989	2.63167	2.82051	2.83773	2.69389	2.51313	2.3164	2.075	1.85692	1.69676	1.54635	1.41975	1.25329	1.11781	0.96042	0.924153	0.840688	0.722676	0.671489	0.6089	0.54468	0.518766	0.453053	0.414445	1.98355	2.58963	2.80624	2.79358	2.71832	2.48231	2.2257	2.10163	1.87179	1.69697	1.50733	1.32779	1.26065	1.09618	1.00402	0.903833	0.811577	0.727749	0.673042	0.585562	0.549535	0.502537	0.450225	0.393599	1.99457	2.63887	2.82939	2.78203	2.66694	2.49792	2.25946	2.07213	1.89182	1.71258	1.51381	1.36404	1.22766	1.08832	0.990217	0.896464	0.849725	0.754306	0.674619	0.602045	0.553439	0.470664	0.468462	0.402134	1.98562	2.63868	2.8609	2.79073	2.7067	2.48248	2.3156	2.09823	1.84939	1.70301	1.54708	1.44062	1.26322	1.12493	1.04262	0.902969	0.818815	0.735903	0.665574	0.589929	0.553094	0.482741	0.478354	0.395811	2.0068	2.66896	2.80853	2.80516	2.69622	2.48768	2.28904	2.06661	1.88047	1.6679	1.56076	1.35547	1.21646	1.14612	0.997936	0.933079	0.811452	0.749149	0.692415	0.617502	0.553945	0.508869	0.426741	0.421436	1.95053	2.63164	2.80681	2.81616	2.61869	2.52467	2.21891	2.1097	1.90457	1.70905	1.50548	1.40272	1.27631	1.12577	1.04944	0.904836	0.801062	0.739421	0.677807	0.582831	0.55393	0.507839	0.451808	0.404347	1.99499	2.61918	2.83203	2.86387	2.65971	2.44569	2.30821	2.14284	1.91031	1.77872	1.55918	1.41427	1.25294	1.10872	1.01583	0.908299	0.802622	0.71118	0.677465	0.60982	0.53327	0.490876	0.464755	0.420937	1.95199	2.63318	2.86979	2.84398	2.66394	2.4944	2.27942	2.04729	1.86948	1.67897	1.52404	1.37761	1.24217	1.13416	1.00227	0.917974	0.791971	0.728199	0.650426	0.597323	0.541539	0.484736	0.431871	0.394816	1.98954	2.59724	2.85229	2.81033	2.68974	2.48415	2.36007	2.08764	1.82657	1.69432	1.5277	1.37722	1.2144	1.09313	1.02109	0.955643	0.779288	0.727535	0.663486	0.591171	0.546709	0.494155	0.458041	0.430451	1.98846	2.63445	2.83493	2.8251	2.66786	2.50767	2.34282	2.09148	1.89151	1.70268	1.52912	1.40216	1.23291	1.12575	1.00524	0.907723	0.815794	0.749368	0.62815	0.587173	0.548976	0.52199	0.476327	0.408207	1.99514	2.667	2.83057	2.82487	2.71525	2.47853	2.25152	2.07382	1.84516	1.68233	1.5507	1.3817	1.2689	1.15212	1.00363	0.937303	0.861161	0.731343	0.669317	0.619096	0.542177	0.482136	0.459679	0.405959	1.99006	2.61022	2.82538	2.82173	2.6556	2.49988	2.24842	2.10427	1.86649	1.69619	1.51388	1.3742	1.23782	1.09483	1.00614	0.929425	0.833041	0.742321	0.692819	0.622159	0.519795	0.487556	0.470003	0.419033	1.96593	2.62574	2.88743	2.82813	2.73069	2.48289	2.26663	2.1063	1.86386	1.70036	1.54431	1.34601	1.24178	1.10535	1.01659	0.928546	0.820443	0.765076	0.651567	0.601917	0.53566	0.496766	0.448022	0.398796	2.01559	2.60419	2.84201	2.84481	2.66268	2.47415	2.34483	2.14247	1.89602	1.66036	1.55806	1.40528	1.26687	1.13093	1.01219	0.882989	0.809372	0.742492	0.67783	0.607247	0.539392	0.509525	0.462568	0.406203	1.9858	2.65998	2.82304	2.79461	2.71428	2.4861	2.2977	2.10726	1.86714	1.70832	1.55166	1.41338	1.25877	1.14282	0.985605	0.892106	0.83266	0.749775	0.664105	0.582255	0.555138	0.498319	0.432532	0.417328	2.02908	2.65413	2.81495	2.79392	2.69358	2.49078	2.2608	2.08354	1.8453	1.70764	1.58558	1.37881	1.31582	1.08801	1.0028	0.906443	0.826672	0.764602	0.625801	0.616687	0.546932	0.481823	0.449348	0.417322	1.95434	2.67882	2.83906	2.82697	2.66414	2.45282	2.28411	2.0902	1.90346	1.73284	1.56044	1.37676	1.25751	1.12043	1.00409	0.890013	0.812128	0.73394	0.68916	0.601218	0.562361	0.487637	0.475312	0.409069	1.98568	2.63844	2.86008	2.73002	2.67971	2.43783	2.34556	2.08332	1.84539	1.69715	1.55209	1.38647	1.22476	1.13736	1.0222	0.906696	0.8236	0.732367	0.711153	0.605277	0.54922	0.517908	0.454859	0.400333	1.95438	2.62152	2.83094	2.78399	2.6685	2.51048	2.28209	2.08722	1.8651	1.66259	1.51632	1.38372	1.24049	1.14814	1.00985	0.89488	0.78735	0.742696	0.666073	0.602788	0.538183	0.50326	0.436536	0.431556	1.96868	2.69351	2.78997	2.79328	2.6571	2.47981	2.27806	2.1209	1.92654	1.7053	1.55559	1.35289	1.21759	1.12037	0.993426	0.900734	0.829938	0.751105	0.662285	0.584129	0.533956	0.510596	0.457014	0.417386	1.99617	2.65303	2.81925	2.84017	2.73847	2.49566	2.34831	2.09089	1.88681	1.70495	1.53742	1.35236	1.2111	1.1287	0.997518	0.909159	0.783095	0.761921	0.691716	0.644243	0.560568	0.483394	0.464868	0.431055	1.99496	2.66969	2.77764	2.81331	2.62736	2.51528	2.28657	2.06362	1.91303	1.66522	1.54174	1.37433	1.24661	1.10819	0.996128	0.885045	0.804973	0.708007	0.673409	0.612111	0.544585	0.49436	0.44839	0.414332	1.9573	2.61924	2.81952	2.80482	2.64392	2.47062	2.30658	2.08509	1.86015	1.68476	1.55511	1.41704	1.24158	1.09084	1.0078	0.943417	0.795897	0.75068	0.674565	0.593959	0.526418	0.486345	0.47041	0.385829	1.91815	2.65483	2.85551	2.8274	2.70527	2.48664	2.32462	2.06314	1.85229	1.73726	1.57024	1.39421	1.25535	1.15951	0.998471	0.897341	0.797121	0.741485	0.687926	0.612229	0.529363	0.503173	0.432956	0.388046	
