<fileType>effect
<type>0
<startTime>0
<compartment>0
<stat>median
<data>0	0	0	0	0	0	0	0	0	0	0	0	0	0	0	0	0	0	0	0	0	0	0	0	0	0	0	0	0	0	0	0	0	0	0	0	0	0	0	0	0	0	0	0	0	0	0	0	0	0	0	0	0	0	0	0	0	0	0	0	0	0	0	0	0	0	0	0	0	0	0	0	0	0	0	0	0	0	0	0	0	0	0	0	0	0	0	0	0	0	0	0	0	0	0	0	0	0	0	0	0	0	0	0	0	0	0	0	0	0	0	0	0	0	0	0	0	0	0	0	0	0	0	0	0	0	0	0	0	0	0	0	0	0	0	0	0	0	0	0	0	0	0	0	0	0	0	0	0	0	0	0	0	0	0	0	0	0	0	0	0	0	0	0	0	0	0	0	0	0	0	0	0	0	0	0	0	0	0	0	0	0	0.00214014	0.00218391	0.00224608	0.00227929	0.00233138	0.00236523	0.00239557	0.00243405	0.00246878	0.00250588	0.00254085	0.00257673	0.00331904	0.00335591	0.00340921	0.00336129	0.00336727	0.00332397	0.00330984	0.00327159	0.00327001	0.00322919	0.00323436	0.00320259	0.00318083	0.00316048	0.00313788	0.00309972	0.00307653	0.00306555	0.00303859	0.00302463	0.00299839	0.00296658	0.00295907	0.00292834	0.00291983	0.00288412	0.00286637	0.00285391	0.00283202	0.00284039	0.0028259	0.00280672	0.00278993	0.00275349	0.00275222	0.00271829	0.00271971	0.00269239	0.00268819	0.00267324	0.00264174	0.00263245	0.00259065	0.00259016	0.00255802	0.00253134	0.00251254	0	0	0	0	0	0	0	0	0	0	0	0	0	0	0	0	0	0	0	0	0	0	0	0	0	0	0	0	0	0	0	0	0	0	0	0	0	0	0	0	0	0	0	0	0	0	0	0	0	0	0	0	0	0	0	0	0	0	0	0	0	0	0	0	0	0	0	0	0	0	0	0	0	0	0	0	0	0	0	0	0	0	0	0	0	0	0	0	0	0	0	0	0	0	0	0	0	0	0	0	0	0	0	0	0	0	0	0	0	0	0	0	0	0	0	0	0	0	0	
<type>0
<startTime>0
<compartment>1
<stat>median
<data>0	0	0	0	0	0	0	0	0	0	0	0	0	0	0	0	0	0	0	0	0	0	0	0	0	0	0	0	0	0	0	0	0	0	0	0	0	0	0	0	0	0	0	0	0	0	0	0	0	0	0	0	0	0	0	0	0	0	0	0	0	0	0	0	0	0	0	0	0	0	0	0	0	0	0	0	0	0	0	0	0	0	0	0	0	0	0	0	0	0	0	0	0	0	0	0	0	0	0	0	0	0	0	0	0	0	0	0	0	0	0	0	0	0	0	0	0	0	0	0	0	0	0	0	0	0	0	0	0	0	0	0	0	0	0	0	0	0	0	0	0	0	0	0	0	0	0	0	0	0	0	0	0	0	0	0	0	0	0	0	0	0	0	0	0	0	0	0	0	0	0	0	0	0	0	0	0	0	0	0	0	0	0.00229464	0.00234808	0.00236464	0.00241151	0.00244878	0.0024804	0.00251918	0.00253464	0.00257805	0.00261602	0.00264954	0.00266904	0.00312796	0.00317799	0.00321223	0.00321497	0.00320779	0.00321468	0.00321089	0.00320976	0.00320243	0.00320989	0.00321972	0.00322266	0.00322326	0.00324279	0.00323065	0.00322236	0.00323694	0.00325696	0.00327033	0.00327695	0.00327881	0.00330627	0.00332905	0.00334141	0.00336307	0.00339149	0.00342072	0.00345624	0.00349922	0.00351257	0.00357728	0.00361639	0.00365687	0.00370265	0.00373594	0.00375463	0.00380208	0.0038468	0.00390868	0.00395552	0.00402053	0.00405747	0.00411311	0.00415651	0.00417811	0.00422054	0.00425773	0	0	0	0	0	0	0	0	0	0	0	0	0	0	0	0	0	0	0	0	0	0	0	0	0	0	0	0	0	0	0	0	0	0	0	0	0	0	0	0	0	0	0	0	0	0	0	0	0	0	0	0	0	0	0	0	0	0	0	0	0	0	0	0	0	0	0	0	0	0	0	0	0	0	0	0	0	0	0	0	0	0	0	0	0	0	0	0	0	0	0	0	0	0	0	0	0	0	0	0	0	0	0	0	0	0	0	0	0	0	0	0	0	0	0	0	0	0	0	
<type>0
<startTime>0
<compartment>2
<stat>median
<data>0	0	0	0	0	0	0	0	0	0	0	0	0	0	0	0	0	0	0	0	0	0	0	0	0	0	0	0	0	0	0	0	0	0	0	0	0	0	0	0	0	0	0	0	0	0	0	0	0	0	0	0	0	0	0	0	0	0	0	0	0	0	0	0	0	0	0	0	0	0	0	0	0	0	0	0	0	0	0	0	0	0	0	0	0	0	0	0	0	0	0	0	0	0	0	0	0	0	0	0	0	0	0	0	0	0	0	0	0	0	0	0	0	0	0	0	0	0	0	0	0	0	0	0	0	0	0	0	0	0	0	0	0	0	0	0	0	0	0	0	0	0	0	0	0	0	0	0	0	0	0	0	0	0	0	0	0	0	0	0	0	0	0	0	0	0	0	0	0	0	0	0	0	0	0	0	0	0	0	0	0	0	0.00695234	0.00711351	0.0072513	0.00734588	0.00752549	0.00763809	0.00773883	0.00783609	0.00793187	0.00804846	0.00813252	0.00827779	0.0117968	0.0119799	0.0121515	0.0120902	0.012192	0.0121515	0.0121511	0.0121441	0.0122226	0.0121614	0.012151	0.0122377	0.0121601	0.0121413	0.012119	0.0122398	0.0122464	0.0122613	0.0122044	0.0122439	0.0122466	0.012178	0.0123069	0.0122486	0.0122403	0.0122623	0.0123411	0.0123115	0.012312	0.0123307	0.0123589	0.0123316	0.0123553	0.0123818	0.0123744	0.0124358	0.0124	0.0124487	0.0123234	0.012409	0.0124514	0.01247	0.0124384	0.0124708	0.0125175	0.0125843	0.0126062	0	0	0	0	0	0	0	0	0	0	0	0	0	0	0	0	0	0	0	0	0	0	0	0	0	0	0	0	0	0	0	0	0	0	0	0	0	0	0	0	0	0	0	0	0	0	0	0	0	0	0	0	0	0	0	0	0	0	0	0	0	0	0	0	0	0	0	0	0	0	0	0	0	0	0	0	0	0	0	0	0	0	0	0	0	0	0	0	0	0	0	0	0	0	0	0	0	0	0	0	0	0	0	0	0	0	0	0	0	0	0	0	0	0	0	0	0	0	0	
<type>0
<startTime>0
<compartment>3
<stat>median
<data>0	0	0	0	0	0	0	0	0	0	0	0	0	0	0	0	0	0	0	0	0	0	0	0	0	0	0	0	0	0	0	0	0	0	0	0	0	0	0	0	0	0	0	0	0	0	0	0	0	0	0	0	0	0	0	0	0	0	0	0	0	0	0	0	0	0	0	0	0	0	0	0	0	0	0	0	0	0	0	0	0	0	0	0	0	0	0	0	0	0	0	0	0	0	0	0	0	0	0	0	0	0	0	0	0	0	0	0	0	0	0	0	0	0	0	0	0	0	0	0	0	0	0	0	0	0	0	0	0	0	0	0	0	0	0	0	0	0	0	0	0	0	0	0	0	0	0	0	0	0	0	0	0	0	0	0	0	0	0	0	0	0	0	0	0	0	0	0	0	0	0	0	0	0	0	0	0	0	0	0	0	0	0.00619808	0.00634463	0.00645385	0.00659482	0.0066883	0.00681543	0.00691796	0.00700691	0.00715407	0.00722245	0.00735137	0.00745302	0.00911887	0.00925546	0.00938782	0.00938255	0.00936645	0.00939274	0.00940933	0.00943567	0.00939382	0.00944227	0.0094329	0.0094453	0.00939727	0.00948132	0.00946138	0.00942851	0.0094733	0.00946784	0.00950001	0.00952248	0.00950528	0.00951839	0.0094754	0.00958065	0.00956297	0.00955112	0.00957097	0.009611	0.00958607	0.00956094	0.00959293	0.00961949	0.00964577	0.00961983	0.00964657	0.0096897	0.00967939	0.00969789	0.00970509	0.00972104	0.00977019	0.00977808	0.00978692	0.00984102	0.00986627	0.00988163	0.00994613	0	0	0	0	0	0	0	0	0	0	0	0	0	0	0	0	0	0	0	0	0	0	0	0	0	0	0	0	0	0	0	0	0	0	0	0	0	0	0	0	0	0	0	0	0	0	0	0	0	0	0	0	0	0	0	0	0	0	0	0	0	0	0	0	0	0	0	0	0	0	0	0	0	0	0	0	0	0	0	0	0	0	0	0	0	0	0	0	0	0	0	0	0	0	0	0	0	0	0	0	0	0	0	0	0	0	0	0	0	0	0	0	0	0	0	0	0	0	0	
<type>1
<startTime>0
<compartment>0
<stat>median
<data>0	0	0	0	0	0	0	0	0	0	0	0	0	0	0	0	0	0	0	0	0	0	0	0	0	0	0	0	0	0	0	0	0	0	0	0	0	0	0	0	0	0	0	0	0	0	0	0	0	0	0	0	0	0	0	0	0	0	0	0	0	0	0	0	0	0	0	0	0	0	0	0	0	0	0	0	0	0	0	0	0	0	0	0	0	0	0	0	0	0	0	0	0	0	0	0	0	0	0	0	0	0	0	0	0	0	0	0	0	0	0	0	0	0	0	0	0	0	0	0	0	0	0	0	0	0	0	0	0	0	0	0	0	0	0	0	0	0	0	0	0	0	0	0	0	0	0	0	0	0	0	0	0	0	0	0	0	0	0	0	0	0	0	0	0	0	0	0	0	0	0	0	0	0	0	0	0	0	0	0	0.43255	0.440135	0.339571	0.345242	0.352602	0.358343	0.363938	0.369331	0.37282	0.377466	0.381472	0.385587	0.38745	0.390729	0.260776	0.262339	0.264875	0.263894	0.261374	0.261651	0.257868	0.25761	0.255533	0.253556	0.251799	0.250646	0.249003	0.247795	0.245946	0.242875	0.241504	0.240271	0.239043	0.23753	0.235574	0.234462	0.232231	0.231442	0.229937	0.228312	0.227964	0.226462	0.224496	0.225268	0.223528	0.222558	0.220906	0.219837	0.220154	0.217294	0.215687	0.215576	0.213941	0.21244	0.211265	0.208642	0.208113	0.205923	0.204244	0.203314	0.200893	0.214054	0.211943	0.210063	0.209372	0.208341	0.204676	0.202197	0.199394	0.197831	0.194499	0.19349	0.189656	0.18831	0.185846	0.184001	0.182031	0.18017	0.176794	0.174022	0.171296	0.170425	0.168333	0.166417	0.162458	0.161199	0.157649	0.156902	0.155256	0.152773	0.150544	0.148799	0.146648	0.145501	0.143415	0.142379	0.13946	0.137448	0.135459	0.133562	0.131658	0.129534	0.127058	0.126241	0.122741	0.120836	0.120913	0.11885	0.116705	0.115544	0.113038	0.111821	0.110375	0.108804	0.107768	0.106703	0.103639	0.104106	0.101847	0.101003	0.0983238	0.0976096	0.0962206	0.0948703	0.0941667	0.0922078	0.0906513	0.089894	0.0891225	0.0877642	0.0858912	0.0845771	0.0833186	0.0825578	0.0810182	0.0800837	0.0790212	0.0778367	0.0778524	0.0759267	0.0756805	0.0740244	0.0733609	0.0725983	0.0707091	0.0702705	0.069331	0.0671098	0.0680751	0.0670294	0.0656538	0.0645071	0.0640691	0.0628928	0.0619317	0.0608701	0.0613329	0.0601045	0.0584934	0.0580671	0.0575473	0.0569581	0.0559278	0.0558567	0.0548185	0.0537174	0.0526482	0.0527026	0.0521275	0.0512761	0.0504376	0.0502114	0.0495997	0.0489036	0.0480744	0.0474949	0.0464804	0.0463158	0.0456074	0	
<type>1
<startTime>0
<compartment>1
<stat>median
<data>0	0	0	0	0	0	0	0	0	0	0	0	0	0	0	0	0	0	0	0	0	0	0	0	0	0	0	0	0	0	0	0	0	0	0	0	0	0	0	0	0	0	0	0	0	0	0	0	0	0	0	0	0	0	0	0	0	0	0	0	0	0	0	0	0	0	0	0	0	0	0	0	0	0	0	0	0	0	0	0	0	0	0	0	0	0	0	0	0	0	0	0	0	0	0	0	0	0	0	0	0	0	0	0	0	0	0	0	0	0	0	0	0	0	0	0	0	0	0	0	0	0	0	0	0	0	0	0	0	0	0	0	0	0	0	0	0	0	0	0	0	0	0	0	0	0	0	0	0	0	0	0	0	0	0	0	0	0	0	0	0	0	0	0	0	0	0	0	0	0	0	0	0	0	0	0	0	0	0	0	0.248849	0.250685	0.219513	0.223179	0.227235	0.230588	0.232173	0.236321	0.239051	0.242158	0.244372	0.247425	0.250195	0.251891	0.151548	0.152582	0.154359	0.15462	0.153915	0.155093	0.15462	0.155455	0.154866	0.155007	0.15504	0.15617	0.155624	0.155456	0.156413	0.155928	0.157123	0.158044	0.158599	0.158197	0.15958	0.161215	0.162334	0.163252	0.164302	0.166182	0.168104	0.170153	0.171989	0.173649	0.175008	0.177884	0.182039	0.181868	0.185108	0.185918	0.188977	0.190723	0.192815	0.194725	0.197998	0.199925	0.201818	0.204101	0.205701	0.206664	0.209003	0.228086	0.230372	0.231643	0.234258	0.236033	0.237506	0.239258	0.240819	0.241273	0.241141	0.24266	0.243832	0.245761	0.245519	0.248475	0.25003	0.25107	0.249487	0.251676	0.253475	0.252489	0.254022	0.25408	0.255473	0.256143	0.257532	0.25724	0.258648	0.259341	0.260354	0.258923	0.259285	0.261154	0.261011	0.26123	0.261311	0.2623	0.262161	0.262251	0.263715	0.26284	0.263317	0.264763	0.264106	0.263189	0.264181	0.263543	0.262948	0.263762	0.264499	0.262677	0.264091	0.264227	0.262801	0.26413	0.263186	0.263334	0.26504	0.26479	0.263136	0.26468	0.264796	0.264386	0.264206	0.264392	0.264531	0.264392	0.266114	0.265037	0.264062	0.263955	0.264663	0.26379	0.264859	0.263202	0.264073	0.263678	0.262713	0.264136	0.262544	0.263435	0.262621	0.262973	0.264298	0.26323	0.263744	0.26331	0.262043	0.262912	0.261877	0.262438	0.262326	0.262347	0.262367	0.261456	0.262389	0.26307	0.262876	0.261587	0.260563	0.261563	0.26022	0.261286	0.260794	0.261876	0.260608	0.260522	0.259466	0.25804	0.259007	0.259176	0.258381	0.258816	0.259382	0.259415	0.258879	0.259491	0.2588	0.0183515	
<type>1
<startTime>0
<compartment>2
<stat>median
<data>0	0	0	0	0	0	0	0	0	0	0	0	0	0	0	0	0	0	0	0	0	0	0	0	0	0	0	0	0	0	0	0	0	0	0	0	0	0	0	0	0	0	0	0	0	0	0	0	0	0	0	0	0	0	0	0	0	0	0	0	0	0	0	0	0	0	0	0	0	0	0	0	0	0	0	0	0	0	0	0	0	0	0	0	0	0	0	0	0	0	0	0	0	0	0	0	0	0	0	0	0	0	0	0	0	0	0	0	0	0	0	0	0	0	0	0	0	0	0	0	0	0	0	0	0	0	0	0	0	0	0	0	0	0	0	0	0	0	0	0	0	0	0	0	0	0	0	0	0	0	0	0	0	0	0	0	0	0	0	0	0	0	0	0	0	0	0	0	0	0	0	0	0	0	0	0	0	0	0	0	0.558609	0.561033	0.457486	0.464898	0.473628	0.479997	0.488936	0.496585	0.502651	0.508207	0.515191	0.521502	0.526676	0.531619	0.394845	0.399358	0.405411	0.405473	0.404724	0.404986	0.406021	0.406034	0.405749	0.406362	0.404914	0.404957	0.406178	0.406858	0.406657	0.405756	0.406428	0.407559	0.407045	0.408033	0.408137	0.408131	0.408993	0.40971	0.408582	0.409815	0.409634	0.409414	0.408408	0.410811	0.410457	0.412241	0.411546	0.411889	0.411761	0.41229	0.4124	0.413361	0.413966	0.413918	0.415149	0.415755	0.41669	0.416873	0.419457	0.417304	0.418523	0.488473	0.489674	0.492532	0.492221	0.492716	0.492452	0.493702	0.495059	0.49659	0.497727	0.497833	0.499097	0.499312	0.500887	0.503822	0.5035	0.506253	0.505952	0.506925	0.50787	0.509612	0.511516	0.511673	0.51254	0.515244	0.516097	0.517477	0.519044	0.520429	0.521083	0.521278	0.523579	0.524633	0.525146	0.527036	0.528803	0.528975	0.530633	0.532706	0.534333	0.533812	0.535689	0.537815	0.536323	0.538945	0.539573	0.540961	0.542634	0.542358	0.545054	0.545281	0.545904	0.547821	0.548282	0.548555	0.549476	0.551211	0.552276	0.551922	0.554286	0.554729	0.557164	0.556919	0.559832	0.55973	0.561405	0.561776	0.563978	0.564497	0.565279	0.565779	0.566206	0.568567	0.569315	0.569233	0.573074	0.571973	0.571907	0.57543	0.574292	0.574053	0.576657	0.577983	0.578633	0.579528	0.57989	0.580271	0.580804	0.58345	0.584173	0.584811	0.586068	0.587883	0.587139	0.588824	0.588736	0.59209	0.591344	0.592536	0.594166	0.592706	0.593421	0.59588	0.596378	0.59757	0.59824	0.600512	0.599084	0.599982	0.601952	0.601501	0.603299	0.604324	0.605299	0.605397	0.606552	0.606401	0.607417	0	
<type>1
<startTime>0
<compartment>3
<stat>median
<data>0	0	0	0	0	0	0	0	0	0	0	0	0	0	0	0	0	0	0	0	0	0	0	0	0	0	0	0	0	0	0	0	0	0	0	0	0	0	0	0	0	0	0	0	0	0	0	0	0	0	0	0	0	0	0	0	0	0	0	0	0	0	0	0	0	0	0	0	0	0	0	0	0	0	0	0	0	0	0	0	0	0	0	0	0	0	0	0	0	0	0	0	0	0	0	0	0	0	0	0	0	0	0	0	0	0	0	0	0	0	0	0	0	0	0	0	0	0	0	0	0	0	0	0	0	0	0	0	0	0	0	0	0	0	0	0	0	0	0	0	0	0	0	0	0	0	0	0	0	0	0	0	0	0	0	0	0	0	0	0	0	0	0	0	0	0	0	0	0	0	0	0	0	0	0	0	0	0	0	0	0.288462	0.29254	0.260946	0.266089	0.270339	0.275898	0.279515	0.28359	0.288358	0.29122	0.294863	0.299087	0.30275	0.306431	0.193268	0.194878	0.1974	0.197589	0.196857	0.198257	0.197708	0.199418	0.199398	0.197855	0.198664	0.198416	0.198348	0.199282	0.200036	0.199888	0.199537	0.199831	0.199854	0.199172	0.200476	0.200598	0.200785	0.201569	0.201677	0.201858	0.202027	0.202118	0.202605	0.202663	0.202205	0.202493	0.203713	0.204127	0.20537	0.204428	0.204679	0.205801	0.205158	0.2069	0.207826	0.208	0.208347	0.209568	0.209381	0.210553	0.209943	0.233883	0.234291	0.235317	0.236628	0.237081	0.237484	0.238516	0.239975	0.239391	0.241883	0.240297	0.243262	0.24361	0.243722	0.245593	0.245938	0.24792	0.248977	0.248265	0.251097	0.250932	0.252142	0.252509	0.253203	0.255298	0.256513	0.258205	0.258374	0.259878	0.261873	0.261796	0.262472	0.26476	0.266646	0.266896	0.266091	0.269219	0.270094	0.270964	0.271308	0.273741	0.272409	0.274447	0.275111	0.276684	0.276944	0.278776	0.279615	0.281164	0.282768	0.281713	0.282616	0.284343	0.284918	0.285165	0.286219	0.285309	0.289514	0.289449	0.289526	0.290219	0.293427	0.292877	0.295378	0.293162	0.294712	0.296225	0.296364	0.297897	0.298758	0.297138	0.300073	0.3021	0.299971	0.301298	0.304743	0.304764	0.304128	0.30639	0.307007	0.308517	0.306355	0.309529	0.30988	0.309154	0.31246	0.311208	0.310937	0.315538	0.313213	0.315671	0.31684	0.317429	0.316273	0.320225	0.321623	0.317559	0.318895	0.321907	0.319503	0.322538	0.321921	0.321111	0.322925	0.324211	0.324911	0.325821	0.326911	0.326288	0.327879	0.327388	0.328309	0.328577	0.330386	0.330927	0.331222	0.332292	0.332388	0.0268898	
<type>2
<startTime>0
<compartment>0
<stat>median
<data>0	0	0	0	0	0	0	0	0	0	0	0	0	0	0	0	0	0	0	0	0	0	0	0	0	0	0	0	0	0	0	0	0	0	0	0	0	0	0	0	0	0	0	0	0	0	0	0	0	0	0	0	0	0	0	0	0	0	0	0	0	0	0	0	0	0	0	0	0	0	0	0	0	0	0	0	0	0	0	0	0	0	0	0	0	0	0	0	0	0	0	0	0	0	0	0	0	0	0	0	0	0	0	0	0	0	0	0	0	0	0	0	0	0	0	0	0	0	0	0	0	0	0	0	0	0	0	0	0	0	0	0	0	0	0	0	0	0	0	0	0	0	0	0	0	0	0	0	0	0	0	0	0	0	0	0	0	0	0	0	0	0	0	0	0	0	0	0	0	0	0	0	0	0	0	0	0	0	0	0	0.51861	0.508052	0.593395	0.584059	0.575528	0.56517	0.55579	0.545149	0.53613	0.524447	0.514619	0.50591	0.495635	0.486024	0.601286	0.591564	0.582878	0.578184	0.575135	0.570665	0.566922	0.562506	0.558436	0.554753	0.550392	0.545571	0.539525	0.53482	0.529659	0.524525	0.519066	0.512092	0.507939	0.501654	0.495749	0.491145	0.482621	0.475313	0.468303	0.45991	0.45225	0.444843	0.434987	0.429332	0.418732	0.410219	0.402172	0.39333	0.386165	0.378143	0.368572	0.361348	0.352591	0.345343	0.337708	0.329492	0.321941	0.313982	0.309358	0.301512	0.294348	0.311144	0.304883	0.296325	0.291093	0.285616	0.279074	0.27323	0.266284	0.261278	0.257543	0.250108	0.247209	0.243369	0.236123	0.231441	0.228197	0.222772	0.218858	0.215211	0.21117	0.207184	0.201831	0.198512	0.195548	0.190294	0.187523	0.185825	0.182137	0.178841	0.176247	0.173262	0.168919	0.166579	0.164355	0.161164	0.158282	0.155876	0.155153	0.150029	0.148991	0.146666	0.14418	0.141394	0.139354	0.138454	0.136204	0.134926	0.131035	0.12987	0.128887	0.127912	0.124835	0.122467	0.121866	0.118715	0.117615	0.115734	0.113705	0.112722	0.112451	0.110456	0.108531	0.107303	0.105875	0.105057	0.102989	0.10155	0.100477	0.0989302	0.0978596	0.0968132	0.0953084	0.0949119	0.0928608	0.0912953	0.0895596	0.0886152	0.0870551	0.0871926	0.0856489	0.0843864	0.0838366	0.0825086	0.0814227	0.0806326	0.0801437	0.0785097	0.0782532	0.0765541	0.0755953	0.0747224	0.0735675	0.0730703	0.0722898	0.0710163	0.0705381	0.0694946	0.0691295	0.0673165	0.0662333	0.066111	0.0661835	0.0646805	0.063995	0.0632574	0.0627276	0.0620469	0.0614452	0.0614281	0.0600248	0.0592662	0.0584216	0.057796	0.0569508	0.0563793	0.0550659	0.0550584	0.0540848	0	
<type>2
<startTime>0
<compartment>1
<stat>median
<data>0	0	0	0	0	0	0	0	0	0	0	0	0	0	0	0	0	0	0	0	0	0	0	0	0	0	0	0	0	0	0	0	0	0	0	0	0	0	0	0	0	0	0	0	0	0	0	0	0	0	0	0	0	0	0	0	0	0	0	0	0	0	0	0	0	0	0	0	0	0	0	0	0	0	0	0	0	0	0	0	0	0	0	0	0	0	0	0	0	0	0	0	0	0	0	0	0	0	0	0	0	0	0	0	0	0	0	0	0	0	0	0	0	0	0	0	0	0	0	0	0	0	0	0	0	0	0	0	0	0	0	0	0	0	0	0	0	0	0	0	0	0	0	0	0	0	0	0	0	0	0	0	0	0	0	0	0	0	0	0	0	0	0	0	0	0	0	0	0	0	0	0	0	0	0	0	0	0	0	0	0.706865	0.701926	0.727895	0.722663	0.719475	0.714904	0.711695	0.707111	0.704392	0.700534	0.697267	0.693538	0.689443	0.686449	0.793653	0.791656	0.789777	0.789311	0.789455	0.789492	0.788786	0.788986	0.788784	0.789456	0.789087	0.788397	0.788258	0.78791	0.787106	0.78807	0.786307	0.785213	0.784836	0.784388	0.782506	0.782106	0.779816	0.778187	0.776352	0.77431	0.771582	0.769359	0.766396	0.764785	0.761656	0.758898	0.75489	0.752433	0.749464	0.746713	0.743802	0.741622	0.737017	0.735204	0.730505	0.727856	0.725653	0.723239	0.721155	0.717599	0.715882	0.771978	0.769085	0.768299	0.765446	0.764204	0.761823	0.760889	0.758945	0.758955	0.75917	0.756925	0.755345	0.754891	0.755313	0.751464	0.750405	0.748865	0.748832	0.747928	0.745927	0.747246	0.746221	0.745544	0.744949	0.743824	0.741318	0.742261	0.742007	0.740556	0.739799	0.741254	0.740003	0.739215	0.739055	0.738598	0.739141	0.737811	0.738151	0.737739	0.736574	0.737812	0.735869	0.735173	0.735811	0.736496	0.734516	0.736824	0.736225	0.73742	0.736187	0.736375	0.736831	0.736311	0.738294	0.736537	0.736124	0.736751	0.734485	0.735537	0.736304	0.735389	0.735048	0.73698	0.735178	0.736534	0.736228	0.735881	0.734168	0.734659	0.734552	0.736202	0.736202	0.735912	0.736458	0.736881	0.736097	0.736452	0.737058	0.736596	0.737139	0.735526	0.736835	0.736463	0.735594	0.73628	0.737418	0.736705	0.737488	0.736719	0.738196	0.738409	0.738563	0.738419	0.737956	0.738709	0.737216	0.737816	0.738195	0.737404	0.738861	0.738459	0.739391	0.738179	0.738458	0.737929	0.740079	0.739544	0.740009	0.741446	0.741265	0.740988	0.741342	0.740787	0.740903	0.741418	0.741125	0.741291	0.741569	0.981756	
<type>2
<startTime>0
<compartment>2
<stat>median
<data>0	0	0	0	0	0	0	0	0	0	0	0	0	0	0	0	0	0	0	0	0	0	0	0	0	0	0	0	0	0	0	0	0	0	0	0	0	0	0	0	0	0	0	0	0	0	0	0	0	0	0	0	0	0	0	0	0	0	0	0	0	0	0	0	0	0	0	0	0	0	0	0	0	0	0	0	0	0	0	0	0	0	0	0	0	0	0	0	0	0	0	0	0	0	0	0	0	0	0	0	0	0	0	0	0	0	0	0	0	0	0	0	0	0	0	0	0	0	0	0	0	0	0	0	0	0	0	0	0	0	0	0	0	0	0	0	0	0	0	0	0	0	0	0	0	0	0	0	0	0	0	0	0	0	0	0	0	0	0	0	0	0	0	0	0	0	0	0	0	0	0	0	0	0	0	0	0	0	0	0	0.371289	0.364874	0.440438	0.430384	0.420429	0.409874	0.401422	0.390984	0.384147	0.37653	0.368946	0.361678	0.3539	0.34675	0.471865	0.465965	0.458443	0.458746	0.457154	0.45783	0.457503	0.45767	0.45886	0.45717	0.456513	0.456385	0.45589	0.455138	0.455874	0.455937	0.455927	0.454559	0.45466	0.453664	0.455009	0.45388	0.453299	0.45325	0.452859	0.451454	0.451679	0.452239	0.452669	0.450161	0.450865	0.449687	0.449627	0.448008	0.448584	0.44731	0.446837	0.446806	0.445536	0.445558	0.44311	0.44301	0.441804	0.442092	0.439774	0.437792	0.438478	0.511269	0.509057	0.509519	0.507922	0.507946	0.507312	0.505155	0.504334	0.503846	0.504229	0.500142	0.501721	0.500398	0.498025	0.496013	0.495723	0.494431	0.495129	0.492416	0.491576	0.489845	0.487119	0.488312	0.48705	0.483254	0.483555	0.482321	0.482943	0.479332	0.478277	0.47913	0.476334	0.476077	0.473746	0.47303	0.47195	0.470311	0.469676	0.4684	0.467569	0.465575	0.464307	0.464528	0.46315	0.461717	0.461242	0.459172	0.458504	0.458136	0.455732	0.455191	0.453327	0.451971	0.450534	0.451255	0.449546	0.448053	0.44707	0.447167	0.446087	0.445443	0.444158	0.442071	0.441673	0.441602	0.439056	0.438793	0.436931	0.436315	0.436353	0.434729	0.43303	0.432121	0.430185	0.43005	0.4283	0.429548	0.427768	0.426763	0.425653	0.425242	0.4245	0.421564	0.420711	0.419929	0.419895	0.419488	0.41814	0.415635	0.416925	0.415457	0.41368	0.411872	0.412628	0.411465	0.410568	0.408843	0.407426	0.40737	0.406286	0.407106	0.405565	0.404154	0.402465	0.402056	0.401823	0.398549	0.399687	0.399827	0.397963	0.397786	0.397863	0.395966	0.396284	0.393777	0.393791	0.393679	0.392997	0	
<type>2
<startTime>0
<compartment>3
<stat>median
<data>0	0	0	0	0	0	0	0	0	0	0	0	0	0	0	0	0	0	0	0	0	0	0	0	0	0	0	0	0	0	0	0	0	0	0	0	0	0	0	0	0	0	0	0	0	0	0	0	0	0	0	0	0	0	0	0	0	0	0	0	0	0	0	0	0	0	0	0	0	0	0	0	0	0	0	0	0	0	0	0	0	0	0	0	0	0	0	0	0	0	0	0	0	0	0	0	0	0	0	0	0	0	0	0	0	0	0	0	0	0	0	0	0	0	0	0	0	0	0	0	0	0	0	0	0	0	0	0	0	0	0	0	0	0	0	0	0	0	0	0	0	0	0	0	0	0	0	0	0	0	0	0	0	0	0	0	0	0	0	0	0	0	0	0	0	0	0	0	0	0	0	0	0	0	0	0	0	0	0	0	0.649979	0.643134	0.663856	0.657433	0.651049	0.643999	0.639278	0.633465	0.627682	0.623416	0.618088	0.614286	0.608436	0.60453	0.722018	0.717562	0.714486	0.714266	0.714453	0.713606	0.713066	0.712229	0.712934	0.713258	0.712983	0.71206	0.712548	0.711937	0.711545	0.711927	0.711612	0.710673	0.711081	0.710462	0.710303	0.709865	0.710013	0.709541	0.708419	0.708774	0.708683	0.708387	0.707851	0.706619	0.707111	0.706879	0.705491	0.705254	0.705049	0.703701	0.704201	0.703246	0.702525	0.702526	0.699218	0.700454	0.699335	0.69804	0.698206	0.696999	0.694667	0.766158	0.76452	0.765839	0.764404	0.763392	0.762263	0.761295	0.759907	0.760575	0.759731	0.758929	0.756996	0.756836	0.755629	0.753687	0.753383	0.751878	0.75175	0.751295	0.748564	0.748005	0.747055	0.745792	0.745047	0.74302	0.742802	0.741989	0.740242	0.739792	0.738174	0.737164	0.737556	0.736045	0.733355	0.732707	0.733147	0.730436	0.729816	0.728292	0.728381	0.725276	0.7275	0.724194	0.72386	0.723298	0.722542	0.720633	0.72149	0.718439	0.717855	0.717766	0.717121	0.716247	0.715285	0.714157	0.712907	0.713067	0.711047	0.710526	0.710048	0.709647	0.708733	0.708829	0.706393	0.7062	0.705916	0.704772	0.704432	0.702709	0.701285	0.701383	0.698678	0.69769	0.69839	0.697572	0.695132	0.695268	0.696876	0.693221	0.692762	0.691779	0.692243	0.691877	0.689603	0.691158	0.689324	0.688575	0.688237	0.685016	0.687082	0.684875	0.683843	0.684393	0.683488	0.68067	0.680475	0.681368	0.680498	0.678243	0.681391	0.677222	0.678108	0.676228	0.676099	0.675842	0.674101	0.672785	0.672528	0.674461	0.671914	0.671893	0.671853	0.67162	0.669972	0.67024	0.668443	0.666318	0.667857	0.972683	
<type>3
<startTime>0
<compartment>0
<stat>median
<data>0	0	0	0	0	0	0	0	0	0	0	0	0	0	0	0	0	0	0	0	0	0	0	0	0	0	0	0	0	0	0	0	0	0	0	0	0	0	0	0	0	0	0	0	0	0	0	0	0	0	0	0	0	0	0	0	0	0	0	0	0	0	0	0	0	0	0	0	0	0	0	0	0	0	0	0	0	0	0	0	0	0	0	0	0	0	0	0	0	0	0	0	0	0	0	0	0	0	0	0	0	0	0	0	0	0	0	0	0	0	0	0	0	0	0	0	0	0	0	0	0	0	0	0	0	0	0	0	0	0	0	0	0	0	0	0	0	0	0	0	0	0	0	0	0	0	0	0	0	0	0	0	0	0	0	0	0	0	0	0	0	0	0	0	0	0	0	0	0	0	0	0	0	0	0	0	0	0	0	0	0.0480099	0.0503023	0.061661	0.062954	0.0643274	0.0658356	0.0673596	0.068511	0.0696239	0.0709503	0.0721366	0.0731506	0.0739139	0.0746676	0.0734311	0.0739735	0.0749829	0.0742581	0.0742736	0.0736158	0.0728063	0.0722842	0.0721959	0.0717497	0.0711287	0.0705569	0.0702928	0.0699135	0.0693275	0.0688623	0.0683457	0.0677645	0.0674961	0.0668321	0.0666166	0.0658318	0.0654179	0.065228	0.06483	0.0642701	0.0638684	0.0636464	0.0634577	0.063191	0.0633595	0.0623183	0.0626028	0.0620393	0.0615027	0.0609556	0.0609088	0.0601758	0.0596474	0.0591774	0.0589092	0.058551	0.0582992	0.0576375	0.0574662	0.0568075	0.0563009	0	0	0	0	0	0	0	0	0	0	0	0	0	0	0	0	0	0	0	0	0	0	0	0	0	0	0	0	0	0	0	0	0	0	0	0	0	0	0	0	0	0	0	0	0	0	0	0	0	0	0	0	0	0	0	0	0	0	0	0	0	0	0	0	0	0	0	0	0	0	0	0	0	0	0	0	0	0	0	0	0	0	0	0	0	0	0	0	0	0	0	0	0	0	0	0	0	0	0	0	0	0	0	0	0	0	0	0	0	0	0	0	0	0	0	0	0	0	0	
<type>3
<startTime>0
<compartment>1
<stat>median
<data>0	0	0	0	0	0	0	0	0	0	0	0	0	0	0	0	0	0	0	0	0	0	0	0	0	0	0	0	0	0	0	0	0	0	0	0	0	0	0	0	0	0	0	0	0	0	0	0	0	0	0	0	0	0	0	0	0	0	0	0	0	0	0	0	0	0	0	0	0	0	0	0	0	0	0	0	0	0	0	0	0	0	0	0	0	0	0	0	0	0	0	0	0	0	0	0	0	0	0	0	0	0	0	0	0	0	0	0	0	0	0	0	0	0	0	0	0	0	0	0	0	0	0	0	0	0	0	0	0	0	0	0	0	0	0	0	0	0	0	0	0	0	0	0	0	0	0	0	0	0	0	0	0	0	0	0	0	0	0	0	0	0	0	0	0	0	0	0	0	0	0	0	0	0	0	0	0	0	0	0	0.0445522	0.0469284	0.0499027	0.050905	0.0514284	0.0525857	0.0532025	0.0539528	0.0547814	0.0553493	0.0558247	0.0567458	0.0576445	0.0579743	0.0514632	0.0520885	0.0526271	0.0528044	0.0525301	0.0527064	0.0528036	0.0528212	0.0530412	0.0527559	0.0529797	0.0527987	0.0528041	0.0530383	0.0530671	0.0532069	0.0533456	0.0536933	0.0536895	0.0538286	0.0541553	0.0541897	0.0547565	0.0552224	0.0557056	0.0560834	0.0566902	0.0574485	0.0580575	0.0585969	0.0590765	0.0601214	0.0610364	0.0615069	0.0622458	0.0626448	0.0636357	0.0641412	0.0652325	0.0658675	0.0667442	0.0674631	0.0681552	0.0687727	0.0696352	0.0705591	0.0709929	0	0	0	0	0	0	0	0	0	0	0	0	0	0	0	0	0	0	0	0	0	0	0	0	0	0	0	0	0	0	0	0	0	0	0	0	0	0	0	0	0	0	0	0	0	0	0	0	0	0	0	0	0	0	0	0	0	0	0	0	0	0	0	0	0	0	0	0	0	0	0	0	0	0	0	0	0	0	0	0	0	0	0	0	0	0	0	0	0	0	0	0	0	0	0	0	0	0	0	0	0	0	0	0	0	0	0	0	0	0	0	0	0	0	0	0	0	0	0	
<type>3
<startTime>0
<compartment>2
<stat>median
<data>0	0	0	0	0	0	0	0	0	0	0	0	0	0	0	0	0	0	0	0	0	0	0	0	0	0	0	0	0	0	0	0	0	0	0	0	0	0	0	0	0	0	0	0	0	0	0	0	0	0	0	0	0	0	0	0	0	0	0	0	0	0	0	0	0	0	0	0	0	0	0	0	0	0	0	0	0	0	0	0	0	0	0	0	0	0	0	0	0	0	0	0	0	0	0	0	0	0	0	0	0	0	0	0	0	0	0	0	0	0	0	0	0	0	0	0	0	0	0	0	0	0	0	0	0	0	0	0	0	0	0	0	0	0	0	0	0	0	0	0	0	0	0	0	0	0	0	0	0	0	0	0	0	0	0	0	0	0	0	0	0	0	0	0	0	0	0	0	0	0	0	0	0	0	0	0	0	0	0	0	0.0694639	0.0742841	0.0959986	0.098036	0.0995363	0.101036	0.10299	0.104512	0.106163	0.107244	0.108859	0.109954	0.111779	0.112328	0.121858	0.12352	0.124617	0.124147	0.124563	0.124967	0.124502	0.124176	0.124398	0.124835	0.124024	0.125239	0.125521	0.125298	0.125374	0.125412	0.12505	0.125862	0.126172	0.125811	0.126104	0.126416	0.125836	0.12578	0.126051	0.126503	0.126321	0.126575	0.127067	0.127003	0.126884	0.127018	0.127503	0.127205	0.127924	0.127648	0.127838	0.127597	0.128061	0.127521	0.128331	0.128881	0.129665	0.129601	0.129793	0.129848	0.130071	0	0	0	0	0	0	0	0	0	0	0	0	0	0	0	0	0	0	0	0	0	0	0	0	0	0	0	0	0	0	0	0	0	0	0	0	0	0	0	0	0	0	0	0	0	0	0	0	0	0	0	0	0	0	0	0	0	0	0	0	0	0	0	0	0	0	0	0	0	0	0	0	0	0	0	0	0	0	0	0	0	0	0	0	0	0	0	0	0	0	0	0	0	0	0	0	0	0	0	0	0	0	0	0	0	0	0	0	0	0	0	0	0	0	0	0	0	0	0	
<type>3
<startTime>0
<compartment>3
<stat>median
<data>0	0	0	0	0	0	0	0	0	0	0	0	0	0	0	0	0	0	0	0	0	0	0	0	0	0	0	0	0	0	0	0	0	0	0	0	0	0	0	0	0	0	0	0	0	0	0	0	0	0	0	0	0	0	0	0	0	0	0	0	0	0	0	0	0	0	0	0	0	0	0	0	0	0	0	0	0	0	0	0	0	0	0	0	0	0	0	0	0	0	0	0	0	0	0	0	0	0	0	0	0	0	0	0	0	0	0	0	0	0	0	0	0	0	0	0	0	0	0	0	0	0	0	0	0	0	0	0	0	0	0	0	0	0	0	0	0	0	0	0	0	0	0	0	0	0	0	0	0	0	0	0	0	0	0	0	0	0	0	0	0	0	0	0	0	0	0	0	0	0	0	0	0	0	0	0	0	0	0	0	0.0603083	0.0642988	0.0691297	0.0703596	0.0716669	0.0732658	0.0744679	0.075406	0.0769082	0.0779381	0.079209	0.0804565	0.0814349	0.0825316	0.0767112	0.0778209	0.0788492	0.0785142	0.0786255	0.0789718	0.079342	0.0792409	0.0795645	0.0790319	0.0789199	0.0791374	0.0793535	0.0791563	0.079469	0.0796035	0.0792334	0.0794595	0.0797095	0.0799684	0.0798665	0.0795465	0.0802056	0.0800821	0.080073	0.080528	0.0804457	0.0800802	0.0802788	0.0805852	0.0803191	0.0809161	0.0808227	0.0806649	0.0811857	0.0810868	0.0810063	0.0810866	0.0818148	0.0815793	0.0821381	0.0819851	0.0827143	0.0828833	0.0831251	0.0837097	0.0835633	0	0	0	0	0	0	0	0	0	0	0	0	0	0	0	0	0	0	0	0	0	0	0	0	0	0	0	0	0	0	0	0	0	0	0	0	0	0	0	0	0	0	0	0	0	0	0	0	0	0	0	0	0	0	0	0	0	0	0	0	0	0	0	0	0	0	0	0	0	0	0	0	0	0	0	0	0	0	0	0	0	0	0	0	0	0	0	0	0	0	0	0	0	0	0	0	0	0	0	0	0	0	0	0	0	0	0	0	0	0	0	0	0	0	0	0	0	0	0	
<type>4
<startTime>0
<compartment>0
<stat>median
<data>1	1	1	1	1	1	1	1	1	1	1	1	1	1	1	1	1	1	1	1	1	1	1	1	1	1	1	1	1	1	1	1	1	1	1	1	1	1	1	1	1	1	1	1	1	1	1	1	1	1	1	1	1	1	1	1	1	1	1	1	1	1	1	1	1	1	1	1	1	1	1	1	1	1	1	1	1	1	1	1	1	1	1	1	1	1	1	1	1	1	1	1	1	1	1	1	1	1	1	1	1	1	1	1	1	1	1	1	1	1	1	1	1	1	1	1	1	1	1	1	1	1	1	1	1	1	1	1	1	1	1	1	1	1	1	1	1	1	1	1	1	1	1	1	1	1	1	1	1	1	1	1	1	1	1	1	1	1	1	1	1	1	1	1	1	1	1	1	1	1	1	1	1	1	1	1	1	1	1	1	0.000910825	0.00114359	0.00273534	0.00435223	0.00597009	0.00837949	0.011877	0.0155734	0.0202148	0.0252453	0.0304581	0.0352788	0.0404186	0.0463796	0.0609955	0.0674377	0.0735292	0.0794655	0.0852152	0.0914448	0.0989548	0.103495	0.110808	0.115926	0.123057	0.13117	0.137701	0.145013	0.152721	0.16006	0.167748	0.176319	0.183884	0.191578	0.199955	0.207888	0.217306	0.223904	0.234188	0.244624	0.251285	0.262966	0.271319	0.281796	0.290744	0.303327	0.310578	0.323125	0.329444	0.34244	0.350347	0.360028	0.370249	0.381523	0.388449	0.401781	0.41181	0.418162	0.428406	0.435603	0.4456	0.475674	0.482254	0.493927	0.501781	0.508334	0.516036	0.52452	0.532907	0.542098	0.546698	0.555779	0.562707	0.573078	0.579217	0.586095	0.593078	0.596992	0.604283	0.61377	0.61717	0.622526	0.630778	0.634947	0.642745	0.648482	0.652443	0.659543	0.665128	0.671114	0.674671	0.67687	0.683309	0.689697	0.693926	0.697964	0.70108	0.707398	0.710452	0.716217	0.719364	0.725989	0.729134	0.733014	0.73672	0.74075	0.746858	0.748256	0.750825	0.755048	0.758994	0.759781	0.764674	0.768617	0.772694	0.775779	0.779116	0.779288	0.783765	0.787012	0.789309	0.793164	0.795923	0.798504	0.802292	0.803047	0.804353	0.80858	0.810028	0.813209	0.816328	0.819361	0.820269	0.824597	0.826342	0.829666	0.832596	0.834908	0.836138	0.837139	0.838383	0.842284	0.843732	0.846832	0.847173	0.849195	0.850512	0.852531	0.855766	0.857126	0.858139	0.861186	0.863388	0.864733	0.866207	0.868236	0.86892	0.870833	0.872492	0.875688	0.875507	0.877439	0.878713	0.88015	0.881736	0.883775	0.884231	0.885619	0.886433	0.888027	0.888979	0.890924	0.892308	0.893131	0.895291	0.896454	0.898571	0.899166	0.899391	1	
<type>4
<startTime>0
<compartment>1
<stat>median
<data>0	0	0	0	0	0	0	0	0	0	0	0	0	0	0	0	0	0	0	0	0	0	0	0	0	0	0	0	0	0	0	0	0	0	0	0	0	0	0	0	0	0	0	0	0	0	0	0	0	0	0	0	0	0	0	0	0	0	0	0	0	0	0	0	0	0	0	0	0	0	0	0	0	0	0	0	0	0	0	0	0	0	0	0	0	0	0	0	0	0	0	0	0	0	0	0	0	0	0	0	0	0	0	0	0	0	0	0	0	0	0	0	0	0	0	0	0	0	0	0	0	0	0	0	0	0	0	0	0	0	0	0	0	0	0	0	0	0	0	0	0	0	0	0	0	0	0	0	0	0	0	0	0	0	0	0	0	0	0	0	0	0	0	0	0	0	0	0	0	0	0	0	0	0	0	0	0	0	0	0	0	0	0	0	0	0	0	0	0	0	0	0	0	0	0	0	0	0	0	0	0	0	0	0	0	0	0	0	0	0	0	0	0	0	0	0	0	0	0	0	0	0	0	0	0	0	0	0	0	0	0	0	0	0	0	0	0	0	0	0	0	0	0	0	0	0	0	0	0	0	0	0	0	0	0	0	0	0	0	0	0	0	0	0	0	0	0	0	0	0	0	0	0	0	0	0	0	0	0	0	0	0	0	0	0	0	0	0	0	0	0	0	0	0	0	0	0	0	0	0	0	0	0	0	0	0	0	0	0	0	0	0	0	0	0	0	0	0	0	0	0	0	0	0	0	0	0	0	0	0	0	0	0	0	0	0	0	0	0	0	0	0	0	0	0	0	0	0	0	0	0	0	0	0	0	0	0	0	0	0	
<type>4
<startTime>0
<compartment>2
<stat>median
<data>0	0	0	0	0	0	0	0	0	0	0	0	0	0	0	0	0	0	0	0	0	0	0	0	0	0	0	0	0	0	0	0	0	0	0	0	0	0	0	0	0	0	0	0	0	0	0	0	0	0	0	0	0	0	0	0	0	0	0	0	0	0	0	0	0	0	0	0	0	0	0	0	0	0	0	0	0	0	0	0	0	0	0	0	0	0	0	0	0	0	0	0	0	0	0	0	0	0	0	0	0	0	0	0	0	0	0	0	0	0	0	0	0	0	0	0	0	0	0	0	0	0	0	0	0	0	0	0	0	0	0	0	0	0	0	0	0	0	0	0	0	0	0	0	0	0	0	0	0	0	0	0	0	0	0	0	0	0	0	0	0	0	0	0	0	0	0	0	0	0	0	0	0	0	0	0	0	0	0	0	0	0	0	0	0	0	0	0	0	0	0	0	0	0	0	0	0	0	0	0	0	0	0	0	0	0	0	0	0	0	0	0	0	0	0	0	0	0	0	0	0	0	0	0	0	0	0	0	0	0	0	0	0	0	0	0	0	0	0	0	0	0	0	0	0	0	0	0	0	0	0	0	0	0	0	0	0	0	0	0	0	0	0	0	0	0	0	0	0	0	0	0	0	0	0	0	0	0	0	0	0	0	0	0	0	0	0	0	0	0	0	0	0	0	0	0	0	0	0	0	0	0	0	0	0	0	0	0	0	0	0	0	0	0	0	0	0	0	0	0	0	0	0	0	0	0	0	0	0	0	0	0	0	0	0	0	0	0	0	0	0	0	0	0	0	0	0	0	0	0	0	0	0	0	0	0	0	0	0	0	
<type>4
<startTime>0
<compartment>3
<stat>median
<data>0	0	0	0	0	0	0	0	0	0	0	0	0	0	0	0	0	0	0	0	0	0	0	0	0	0	0	0	0	0	0	0	0	0	0	0	0	0	0	0	0	0	0	0	0	0	0	0	0	0	0	0	0	0	0	0	0	0	0	0	0	0	0	0	0	0	0	0	0	0	0	0	0	0	0	0	0	0	0	0	0	0	0	0	0	0	0	0	0	0	0	0	0	0	0	0	0	0	0	0	0	0	0	0	0	0	0	0	0	0	0	0	0	0	0	0	0	0	0	0	0	0	0	0	0	0	0	0	0	0	0	0	0	0	0	0	0	0	0	0	0	0	0	0	0	0	0	0	0	0	0	0	0	0	0	0	0	0	0	0	0	0	0	0	0	0	0	0	0	0	0	0	0	0	0	0	0	0	0	0	0	0	0	0	0	0	0	0	0	0	0	0	0	0	0	0	0	0	0	0	0	0	0	0	0	0	0	0	0	0	0	0	0	0	0	0	0	0	0	0	0	0	0	0	0	0	0	0	0	0	0	0	0	0	0	0	0	0	0	0	0	0	0	0	0	0	0	0	0	0	0	0	0	0	0	0	0	0	0	0	0	0	0	0	0	0	0	0	0	0	0	0	0	0	0	0	0	0	0	0	0	0	0	0	0	0	0	0	0	0	0	0	0	0	0	0	0	0	0	0	0	0	0	0	0	0	0	0	0	0	0	0	0	0	0	0	0	0	0	0	0	0	0	0	0	0	0	0	0	0	0	0	0	0	0	0	0	0	0	0	0	0	0	0	0	0	0	0	0	0	0	0	0	0	0	0	0	0	0	0	
<type>-1
<startTime>0
<compartment>0
<stat>median
<data>15.5146	0.240424	0.0111341	0.00383408	0.0048664	0.00388589	0.00607604	0.00841873	0.008084	0.00788602	0.00874849	0.0105601	0.0126719	0.0122294	0.0139314	0.0156067	0.0147779	0.0159348	0.0188177	0.0191575	0.0195387	0.0191873	0.0236887	0.0276058	0.0254921	0.025963	0.0282163	0.0320557	0.0305887	0.0317137	0.0336478	0.0319064	0.0358585	0.0391366	0.0389802	0.0375317	0.0392727	0.0453324	0.0410869	0.052591	0.0472815	0.0476172	0.0525366	0.0633314	0.0578538	0.0607974	0.0657463	0.0652298	0.0684266	0.0630938	0.0840174	0.0709418	0.0803093	0.0840237	0.0984694	0.0861672	0.0877335	0.0971049	0.108773	0.0930126	0.103163	0.0919602	0.11237	0.103832	0.132409	0.123988	0.128622	0.137871	0.152982	0.178168	0.149647	0.183447	0.154016	0.216269	0.201961	0.22332	0.213889	0.201978	0.183006	0.209506	0.199005	0.264471	0.248579	0.269432	0.267765	0.277294	0.337215	0.270155	0.316607	0.311991	0.307174	0.413742	0.378466	0.440184	0.412271	0.409208	0.430512	0.428479	0.529311	0.580455	0.537881	0.609163	0.56368	0.642984	0.572056	0.72634	0.64136	0.672308	0.657861	0.857658	0.74369	0.897958	0.955849	0.909935	0.896608	1.02991	1.21518	1.35723	1.34453	1.095	1.15892	1.2328	1.46499	1.294	1.92781	1.76407	1.5619	1.75238	2.31871	1.906	2.65657	1.85858	2.55206	2.28314	2.36196	2.55571	2.96768	2.70849	2.86443	3.30231	3.16059	3.68986	3.26402	3.70879	4.34966	3.79853	5.05866	5.25503	3.50338	4.77446	4.55551	5.78218	5.21827	6.97358	6.14927	7.48502	6.7755	6.77171	6.90702	7.54649	7.79358	9.08333	8.8496	10.3461	10.3382	9.84412	11.434	12.2581	11.1413	12.373	12.8914	15.6938	14.4918	13.9081	12.2151	16.2975	16.841	16.8633	16.0435	703.003	1061.85	655.492	356.118	218.617	124.852	78.0424	45.9521	29.2519	18.4333	12.562	8.74844	6.49066	4.84932	3.51604	3.06158	2.48455	2.13689	1.89594	1.65655	1.45	1.30337	1.12627	0.999891	0.844494	0.833675	0.752503	0.70317	0.588839	0.571755	0.514264	0.395491	0.471381	0.427392	0.359706	0.335108	0.318987	0.307753	0.256877	0.262451	0.232073	0.233028	0.248867	0.188086	0.213742	0.177936	0.186911	0.169388	0.172559	0.154609	0.14133	0.153574	0.129482	0.13308	0.12894	0.10748	0.113329	0.0963122	0.10256	0.113408	0.0936621	0.0983975	0.0967189	0.0796849	0.0838573	0.0759205	0.0883592	0.0826566	0.0759143	0.0617039	0.067842	0.0656933	0.068172	0.0585474	0.0595083	0.0636922	0.0547021	0.0491741	0.0495735	0.0550795	0.0456968	0.0495412	0.0478797	0.0518374	0.0441387	0.040886	0.0472593	0.0421698	0.0360002	0.0394849	0.0344017	0.0333122	0.0368761	0.0326698	0.0286348	0.0287691	0.0343281	0.0309696	0.0300133	0.0330657	0.0271521	0.0302247	0.0233626	0.0269417	0.023738	0.0261035	0.0281257	0.0241743	0.0227631	0.0173597	0.0208007	0.0214511	0.021399	0.0201572	0.0179109	0.0180278	0.0178281	0.0227662	0.0176618	0.0161236	0.01406	0.0159899	0.0143742	0.0176715	0.0167795	0.0154857	0.0185583	0.0132849	0.010968	0.0131495	0.0103477	0.0124945	0.0102041	0.0100332	0.010526	0.0151912	0.0134816	0.0114888	0.0117548	0.00759082	0.0102258	0.00868298	0.0107482	0.0120195	0.0093868	0.00917896	0.0107148	0.00760618	0.00769448	0.00792924	0.00618396	0.00658495	0.00814159	0.00569247	0.0062123	0.00664398	0.005664	0.00766406	0.00593803	0.0058356	0.00570445	0.00517256	0.00579389	0.00466625	0.00694534	0.00648571	0.00521848	0.0049298	0.00495458	0.00430793	0.00431668	0.00510216	0.00250144	0.00442379	0.00351516	0.0049125	0.00390169	0.00455254	0.00466485	0.00201826	5.55569	
<type>-1
<startTime>0
<compartment>1
<stat>median
<data>0	0	0	0	0	0	0	0	0	0	0	0	0	0	0	0	0	0	0	0	0	0	0	0	0	0	0	0	0	0	0	0	0	0	0	0	0	0	0	0	0	0	0	0	0	0	0	0	0	0	0	0	0	0	0	0	0	0	0	0	0	0	0	0	0	0	0	0	0	0	0	0	0	0	0	0	0	0	0	0	0	0	0	0	0	0	0	0	0	0	0	0	0	0	0	0	0	0	0	0	0	0	0	0	0	0	0	0	0	0	0	0	0	0	0	0	0	0	0	0	0	0	0	0	0	0	0	0	0	0	0	0	0	0	0	0	0	0	0	0	0	0	0	0	0	0	0	0	0	0	0	0	0	0	0	0	0	0	0	0	0	0	0	0	0	0	0	0	0	0	0	0	0	0	0	0	0	0	0	49446.4	61814.2	35350.4	22560.7	16703.1	12568.8	9225.57	6869.46	5192.85	3991.44	3038.97	2357.84	1839.58	1422.21	1027.9	794.386	660.761	547.333	456.452	386.985	321.187	261.202	225.599	187.663	161.237	132.78	113.127	94.3336	76.8736	67.311	57.8141	48.7102	40.2877	34.8553	29.1869	24.7137	21.1794	17.3626	15.4208	13.1249	10.8797	8.99556	7.93416	6.7462	5.81211	5.02035	4.23119	3.55784	3.05474	2.5384	2.2415	1.88813	1.6111	1.42505	1.16389	1.05335	0.846742	0.743913	0.645017	0.547827	0.488559	0.380033	0.289125	0.268394	0.227393	0.215325	0.179562	0.177207	0.153519	0.139664	0.119153	0.107437	0.0960086	0.0901605	0.0761747	0.0729719	0.0730982	0.064678	0.0542554	0.0478357	0.0473838	0.0416531	0.037951	0.0358405	0.0368906	0.0327847	0.0300368	0.0285537	0.0269049	0.0219644	0.0272154	0.0213969	0.0195027	0.0201786	0.0164989	0.0154063	0.0116324	0.0161651	0.0164607	0.0114557	0.0138876	0.0109337	0.0134335	0.010873	0.0118091	0.00881556	0.00989869	0.0106092	0.00810273	0.00901115	0.00558226	0.00697441	0.00634468	0.00715472	0.00594518	0.00626642	0.00834846	0.00496676	0.00732862	0.00587469	0.00458428	0.00470424	0.00480248	0.00455073	0.004941	0.00512809	0.00549346	0.00503411	0.00400574	0.003369	0.00325656	0.0023935	0.00528535	0.00373406	0.00392684	0.00282512	0.00402552	0.00375163	0.00306405	0.00435348	0.00226623	0.00381115	0.0024354	0.00336502	0.00373301	0.0029167	0.0031888	0.00251323	0.00238535	0.00180466	0.0023349	0.00220223	0.00177448	0.00184372	0.00217594	0.00197365	0.0018401	0.000927291	0.0028443	0.00171608	0.00226232	0.00196179	0.00136823	0.00199857	0.00128821	0.00273001	0.0014436	0.000831698	0.0013539	0.00229268	0.00118524	0.00104686	0.00129591	0.00083023	0.00209328	0.00109642	0.0011931	0.000758721	0.00140062	0.000713723	0.00213288	
<type>-1
<startTime>0
<compartment>2
<stat>median
<data>0	0	0	0	0	0	0	0	0	0	0	0	0	0	0	0	0	0	0	0	0	0	0	0	0	2.91559e-006	2.20276e-006	0	0	0	0	1.47912e-006	0	0	0	0	0	0	0	0	0	0	2.43615e-007	1.60845e-006	0	0	0	0	0	0	2.69229e-008	0	0	8.04544e-007	0	0	0	0	0	0	0	0	0	0	0	0	0	0	0	4.4057e-008	1.99489e-005	3.86496e-006	0	0	0	0	0	0	0	0	0	1.89387e-005	4.12439e-005	0	0	0	0	0	0	0	6.0786e-005	0	0	0	0	0	0	0	0	0	0	0	0	0	0	0	0	0	0	0	0	0	1.18263e-005	0.00575585	0	3.76881e-006	4.26882e-005	0.000482857	0	0	1.22733e-006	0	0	0	1.53182e-005	0.00542576	0.000213021	0.000605201	0.00107798	0.00104075	0.00117296	0.00328487	0.0011884	0.00166484	0.00159697	0	0.00166654	0.0108461	0.0188446	0.013698	0.00831041	0.00223369	0.00144977	0.00613445	0.00845605	0.000213366	0	0.0179724	0.0145642	0.00896092	0.0162494	0.0245472	0.00321771	0.0064256	0.00208269	0.0138194	0.0116006	0.0185387	0.0392948	0.00912383	0.04991	0.0563049	0.048673	0.068124	0.0892442	0.062059	0.00292574	0.0807069	0.176092	0.084061	0.161332	0.0727085	0.0983452	0.0866982	0.141669	0.165701	0.159041	0.0852504	0.12595	58.4243	71.2417	28.1424	18.2892	18.6108	19.8233	21.3069	24.1417	27.2512	29.5815	30.3448	31.7301	33.1389	33.1132	26.1323	25.6695	26.4084	26.7357	26.7069	26.2768	25.4369	24.5068	23.2207	21.5295	20.0775	18.826	17.5381	16.5898	15.1649	14.0389	13.1568	11.8657	10.9354	10.4276	9.6057	8.62432	8.0485	7.35403	6.78191	6.16477	5.71895	5.2346	5.00862	4.51484	4.23167	3.91114	3.66951	3.41967	3.23781	3.06486	2.80685	2.69191	2.52357	2.34108	2.26653	2.0758	1.93604	1.78241	1.62287	1.60121	1.50994	1.31314	1.19811	1.19435	1.10919	1.04174	1.04799	1.02112	1.01417	0.957512	0.89735	0.899576	0.877581	0.822003	0.785781	0.793826	0.745365	0.68363	0.647672	0.651788	0.617936	0.587653	0.559579	0.560121	0.539797	0.503333	0.511988	0.507762	0.479005	0.460137	0.432825	0.414869	0.416803	0.409265	0.405962	0.377507	0.375716	0.383716	0.348452	0.33818	0.335817	0.332779	0.297484	0.30047	0.29634	0.287052	0.286852	0.280731	0.274784	0.255656	0.240121	0.239542	0.231019	0.234522	0.228308	0.213887	0.202289	0.208277	0.210604	0.20166	0.195432	0.192408	0.189059	0.190527	0.1822	0.171019	0.180198	0.179311	0.168021	0.163511	0.156178	0.148198	0.155786	0.141532	0.140747	0.148592	0.150348	0.148975	0.148487	0.130131	0.128794	0.128102	0.121845	0.12945	0.125957	0.120088	0.117472	0.11967	0.112613	0.108714	0.110917	0.109117	0.109166	0.109152	0.103688	0.103312	0.0979258	0.0982552	0.0962924	0.0920733	0.0951961	0.0949805	0.0941641	0.0907027	0.0938985	0.0913069	0.0881303	0.0860036	0.0814314	0.0823959	0.0816382	0.0766623	0.0746455	0.0785051	0.0786461	0.0786742	0.0752536	0.0751824	0.0724248	0.0205092	0	
<type>-1
<startTime>0
<compartment>3
<stat>median
<data>0	0	0	0	0	0	0	0	0	0	0	0	0	0	0	0	0	0	0	0	0	0	0	0	0	0	0	0	0	0	0	0	0	0	0	0	0	0	0	0	0	0	0	0	0	0	3.18154e-005	0.00013032	0.000233885	0.000162872	6.33958e-005	4.6261e-005	4.73596e-005	0.00012386	0.000387835	0.000660487	0.000671899	0.000747333	0.000623902	0.00102585	0.0017737	0.00214042	0.00308919	0.00373094	0.00244823	0.00255035	0.00246919	0.00280964	0.00260434	0.00394637	0.00467411	0.00427366	0.0051813	0.00459861	0.00390635	0.00458172	0.00527242	0.00676165	0.00606351	0.00546613	0.00731254	0.00754064	0.00802126	0.0144947	0.0136907	0.0127115	0.0153852	0.0167842	0.0196008	0.0240886	0.0200652	0.0204369	0.0227184	0.0168252	0.0205825	0.0273982	0.0246992	0.0123506	0.0134008	0.0144388	0.0226862	0.0221858	0.0216684	0.0210795	0.0214206	0.0366425	0.0288392	0.0436255	0.0544389	0.036398	0.032349	0.05402	0.0423208	0.0504306	0.0656175	0.0676612	0.080742	0.0854558	0.0705619	0.0816675	0.0737614	0.0312071	0.0343795	0.0352881	0.0271629	0.043914	0.0424281	0.0208543	0.0443327	0.0681513	0.0662669	0.0708633	0.0975211	0.0821766	0.0594597	0.0264667	0.0679131	0.110839	0.118534	0.110711	0.136415	0.109355	0.112477	0.103536	0.0599459	0.0575317	0.06953	0.0825062	0.136267	0.135555	0.0861139	0.0960641	0.127411	0.16269	0.111263	0.0932591	0.133786	0.100131	0.0926602	0.0831506	0.0662718	0.0563256	0.0373317	0.0289986	0.121356	0.0738732	0.0445549	0.133298	0.0941751	0.0705651	0.083986	0.1263	0.0448053	0.0255651	0.0723245	0.106234	0.0557815	0.108234	0.0295664	418.815	685.223	510.524	427.876	375.013	340.081	295.378	256.668	228.825	197.963	171.226	149.92	128.401	114.664	85.7934	73.823	64.65	58.0504	53.8672	49.1324	44.7743	41.9421	38.1787	37.0016	34.2412	32.2729	29.3939	28.5992	26.591	25.0171	23.2169	22.1483	21.1013	19.1518	18.1311	17.1397	16.1969	15.1578	14.4315	13.7482	12.8099	11.99	11.0494	10.3111	10.0614	9.01672	8.69369	8.20763	7.55438	7.02674	6.70107	6.15088	5.84296	5.31109	4.99408	4.7016	4.38663	4.23843	3.8461	3.53526	3.30181	2.81256	2.51519	2.39179	2.25723	2.12027	1.96218	1.80675	1.7114	1.60109	1.49235	1.41501	1.332	1.22779	1.17599	1.10364	1.04356	1.03926	0.922414	0.881	0.816029	0.782248	0.721885	0.684674	0.647877	0.629008	0.580449	0.527164	0.499351	0.470617	0.438713	0.42528	0.390156	0.361708	0.33542	0.326936	0.312864	0.278763	0.276645	0.250039	0.234674	0.219331	0.206515	0.20476	0.20374	0.186475	0.171549	0.162248	0.154781	0.146971	0.135726	0.132705	0.129226	0.113232	0.112953	0.105119	0.103098	0.0897642	0.0835928	0.0811081	0.0749687	0.0719218	0.0750896	0.0675857	0.0644049	0.0647382	0.0563697	0.0534288	0.0533938	0.0507373	0.0485284	0.0457822	0.0408719	0.0482735	0.047079	0.0422098	0.0409315	0.036371	0.0351037	0.0369315	0.0344505	0.0299843	0.0311952	0.0271924	0.0260764	0.0259602	0.0247955	0.0252419	0.0221032	0.0217061	0.0219658	0.020287	0.0193357	0.0199308	0.0221659	0.0199272	0.0198652	0.0174042	0.0169551	0.0201719	0.016305	0.0176614	0.0158967	0.0169147	0.0144802	0.0161457	0.0197097	0.0133945	0.0140589	0.0153017	0.0153944	0.0124263	0.0144345	0.0135742	0.0143772	0.0131023	0.0109396	0.011254	0.0118471	0.00780077	0.000541523	
