<fileType>immune
<type>Tp
<startTime>0
<compartment>0
<stat>median
<data>6.6798e-006	0.000259927	0.00160721	0.00483387	0.0103382	0.0180071	0.0277712	0.0394948	0.0552024	0.0710723	0.0916208	0.111535	0.14094	0.16953	0.207081	0.239574	0.292672	0.335582	0.394306	0.443479	0.514873	0.598524	0.663002	0.777749	0.875138	0.992359	1.12641	1.27905	1.39521	1.5529	1.77534	1.93738	2.12455	2.42018	2.64762	2.9361	3.2303	3.56314	4.0012	4.51947	4.87264	5.33802	5.95255	6.56605	7.28057	8.02422	8.41999	9.59501	10.3931	11.4621	12.5694	13.3878	14.8562	16.0968	17.878	19.508	21.0655	23.391	24.6195	26.6091	29.3818	30.8673	34.4262	38.3263	41.3702	43.1526	47.0636	50.8744	55.4766	59.4578	65.4589	68.2472	73.6027	78.9923	86.6022	92.4442	96.1323	105.273	110.747	118.212	122.78	133.139	137.376	152.85	158.41	168.008	179.965	189.19	199.163	208.964	222.859	229.962	247.735	258.726	274.973	300.232	305.11	324.271	334.473	359.327	378.069	397.825	421.375	429.114	449.551	470.36	482.283	521.621	532.378	566.944	603.738	612.585	639.113	665.386	699.717	735.968	750.385	801.405	848.3	862.284	863.874	918.372	974.242	971.919	1003.68	1077.43	1077.55	1120.81	1153.4	1177	1216.23	1285.11	1317.63	1357.61	1403.08	1431.48	1449.68	1518.58	1537.42	1604.13	1613.19	1662.37	1712.81	1739.03	1796.11	1842.58	1900.85	1925.55	1966.83	2036.47	2046.63	2089.3	2176.23	2193.19	2196.12	2222.39	2345.6	2353.46	2418.89	2445.52	2482.16	2547.29	2597.77	2681.38	2672.27	2706.88	2773.48	2774.48	2796.73	2890.47	2907.34	2917.05	2972.31	3020.03	3060.81	3132.24	3130.09	3192.69	3192.3	3242.87	3300.32	3268.31	3294.85	3239.41	3151.87	3120.48	3001.56	2919.88	2760.31	2675.93	2561.76	2462.98	2333.69	2241.73	2145.47	2075.55	1957.44	1931.89	1832	1762.38	1738.6	1652.15	1565.14	1513.18	1453.81	1403.99	1357.89	1336.22	1286.45	1248.93	1190.44	1160.98	1133.82	1097.51	1039.98	1032.75	989.898	953.113	948.973	925.931	888.768	880.47	850.475	824.888	805.574	772.627	762.168	748.381	732.552	708.565	688.806	673.556	667.849	654.761	625.66	616.478	597.99	584.709	576.328	571.547	561.604	545.611	531.115	521.603	506.124	495.706	476.457	486.083	469.302	462.697	454.872	446.588	443.391	433.021	422.998	410.977	405.846	404.755	397.05	390.608	381.673	379.818	371.468	360.876	355.132	351.718	343.681	342.472	336.997	336.798	330.92	321.332	315.264	314.257	309.878	298.341	301.484	298.117	288.98	286.394	285.303	279.905	272.373	267.969	267.774	265.01	260.987	257.388	253.606	253.111	247.869	246.4	243.8	240.401	239.909	233.952	230.112	225.725	226.996	221.18	220.636	219.514	212.683	213.656	206.06	206.503	204.06	200.692	202.89	203.816	198.34	196.16	191.671	190.895	187.159	186.911	184.142	182.763	180.056	179.025	174.833	173.919	172.284	169.654	169.221	165.473	164.572	163.222	163.316	160.934	158.634	157.922	155.461	155.803	153.943	150.847	147.901	147.802	145.68	147.463	142.882	141.351	141.445	138.398	136.093	135.143	136.583	132.689	132.178	131.519	129.415	129.778	129.589	126.545	125.854	125.294	124.332	122.153	121.131	119.622	
<type>T1
<startTime>0
<compartment>0
<stat>median
<data>6.01259e-013	1.06879e-010	1.55393e-009	7.1339e-009	1.96056e-008	4.26905e-008	7.81552e-008	1.28464e-007	2.03286e-007	3.08035e-007	4.13452e-007	6.01987e-007	7.81307e-007	1.00017e-006	1.33623e-006	1.77496e-006	2.13463e-006	2.63082e-006	3.28097e-006	4.37448e-006	4.8432e-006	6.09802e-006	7.61129e-006	8.82834e-006	1.03823e-005	1.25488e-005	1.4886e-005	1.68424e-005	1.93428e-005	2.28854e-005	2.68637e-005	3.36201e-005	3.65285e-005	4.07208e-005	4.89557e-005	5.48923e-005	6.09982e-005	7.12362e-005	8.12727e-005	9.13011e-005	0.000105576	0.000117825	0.000131387	0.000152159	0.000173006	0.000189586	0.000215068	0.000247105	0.000262994	0.000302652	0.000327453	0.000396755	0.000450166	0.000462415	0.000519035	0.00058321	0.000675108	0.00075112	0.000833705	0.000917547	0.00107564	0.00113678	0.00120938	0.00141623	0.00150123	0.0016568	0.00179085	0.00195813	0.00212935	0.00243664	0.00260468	0.00298876	0.00322659	0.00361697	0.00367731	0.0038591	0.00445747	0.00466655	0.00529372	0.00546177	0.00609455	0.00658246	0.00725775	0.00758574	0.00826479	0.00917212	0.00987279	0.0104668	0.0110144	0.0121088	0.0130225	0.0136488	0.0152599	0.0160706	0.0176302	0.0186402	0.0196359	0.0211015	0.0235687	0.0246893	0.0273576	0.0289211	0.0312744	0.035898	0.0354392	0.038756	0.0440984	0.0442321	0.0477858	0.0506406	0.0534914	0.0600619	0.0629178	0.0679111	0.0707645	0.0738971	0.0766469	0.0856874	0.0884628	0.0952202	0.0996717	0.110015	0.11156	0.114103	0.125617	0.13404	0.140299	0.14045	0.152075	0.158612	0.174945	0.164864	0.190938	0.197018	0.196765	0.205989	0.234871	0.239544	0.250834	0.257588	0.278198	0.279673	0.294403	0.310059	0.331105	0.342998	0.340047	0.382696	0.392435	0.40082	0.408011	0.412979	0.43637	0.452553	0.473146	0.500692	0.530133	0.518858	0.555152	0.57246	0.588195	0.597477	0.613035	0.656678	0.665781	0.699691	0.703713	0.737937	0.767729	0.812558	0.830471	0.828937	0.8329	0.8997	0.905088	0.950287	0.971902	1.00023	1.00945	1.01006	1.04656	1.05464	1.10108	1.06552	1.07889	1.08286	0.989304	0.941396	0.915081	0.869552	0.772235	0.753227	0.679582	0.629811	0.586927	0.516476	0.472166	0.44602	0.426596	0.390217	0.35786	0.336497	0.295897	0.276972	0.25509	0.2401	0.22039	0.205755	0.190579	0.172911	0.169839	0.161593	0.152328	0.139705	0.130011	0.125456	0.118448	0.115305	0.113012	0.103445	0.0990574	0.0908122	0.0867173	0.0835538	0.0809969	0.074128	0.0755489	0.0717963	0.0683432	0.0649132	0.0628948	0.0632985	0.0609763	0.0571429	0.0555494	0.054323	0.0521183	0.0516989	0.0506465	0.047435	0.0466274	0.0453903	0.0424412	0.0432489	0.0411105	0.0401334	0.0388603	0.0387075	0.035985	0.0361617	0.0355074	0.0357453	0.0329983	0.0324583	0.0322083	0.0300409	0.029906	0.0296506	0.0288387	0.0283867	0.0276246	0.0272779	0.0267475	0.0261738	0.0259238	0.0251595	0.0248305	0.0250152	0.0239218	0.023876	0.0227776	0.022386	0.0224938	0.0213243	0.0210946	0.0202641	0.0195343	0.0196367	0.0193008	0.0193432	0.018895	0.0185818	0.018425	0.0183011	0.0176287	0.0177161	0.0178637	0.0176275	0.0165669	0.0164743	0.0163365	0.0158997	0.0160501	0.0153058	0.0150369	0.0147079	0.0146721	0.0148931	0.0148799	0.0141145	0.0142482	0.0139637	0.0133393	0.0134211	0.0134891	0.0129981	0.0128182	0.0124023	0.0125772	0.0120257	0.0117304	0.0118997	0.0119477	0.0117223	0.0111195	0.0110848	0.0113008	0.011093	0.0106613	0.011004	0.0105426	0.0106918	0.0106299	0.00976489	0.0103383	0.00996667	0.00990128	0.00969939	0.00961171	0.00948086	0.00932623	0.00937614	0.00905761	0.00913446	0.00902324	0.00884971	0.00854495	0.00843565	0.00849329	0.00838812	0.00829637	0.00832012	0.00810155	0.00803761	0.00784219	0.00760616	0.00764612	0.00764974	0.00761289	0.00758644	0.00767311	0.00753561	0.00730657	0.00731578	0.0070503	0.00705106	0.00703577	0.00674366	0.00677147	0.00660118	
<type>T2
<startTime>0
<compartment>0
<stat>median
<data>2.53413e-015	6.96564e-012	3.856e-010	4.70652e-009	3.0036e-008	1.14585e-007	3.27831e-007	8.31278e-007	1.81536e-006	3.23243e-006	5.65961e-006	1.04786e-005	1.618e-005	2.61247e-005	3.75061e-005	5.44329e-005	7.47177e-005	0.000111841	0.00014572	0.00020957	0.000287321	0.000399982	0.000546133	0.000717809	0.00103548	0.00117738	0.00154419	0.00209173	0.00261011	0.00308149	0.00450034	0.00532305	0.00680131	0.00752267	0.0100111	0.0125139	0.0163617	0.0210736	0.0243051	0.0320521	0.0338252	0.0415983	0.0609379	0.0750332	0.08605	0.102845	0.12799	0.158826	0.185314	0.247904	0.275264	0.354779	0.414244	0.517461	0.593656	0.715409	0.852587	1.12854	1.28015	1.74303	1.90253	2.4195	2.52669	3.47873	4.33282	4.76829	5.80762	7.44031	8.06622	9.59431	12.1042	13.6268	16.2857	17.151	18.8996	23.8367	24.3499	34.048	34.0041	39.8939	45.7739	53.5858	56.8925	67.9112	72.9573	78.9274	93.9184	107.99	109.106	127.099	136.107	146.802	163.741	187.134	199.351	219.803	244.867	242.768	284.067	310.69	330.491	350.149	388.618	408.98	438.267	445.982	511.671	527.362	557.982	616.545	658.967	678.71	712.934	726.711	804.634	822.503	920.688	946.939	989.064	1043.93	1092	1171.27	1177.78	1252.59	1303.12	1391.32	1405.26	1467.41	1555.22	1591.65	1603.49	1723.02	1779.76	1828.12	1883.02	1941.7	1958.03	2055.27	2126.68	2192.25	2259.84	2392.42	2445.97	2461.21	2554.57	2575.64	2662.15	2780.87	2824.31	2894.45	2952.35	2958.98	3043.63	3144.52	3278.05	3343.92	3406.13	3426.24	3496.13	3586.04	3674.72	3751.04	3757.7	3834.93	3945.53	3965.68	3984.9	4128.9	4183.28	4276.96	4292.91	4377.52	4462.37	4492.73	4501.85	4638.5	4596.31	4702.57	4719.72	4875.51	4826.96	4943.1	5068.02	5121.2	5113.12	5079.15	4990.77	4935.77	4928.49	4814.91	4781.77	4541.35	4421.63	4331.97	4262.4	4127.52	3995.43	3872.62	3713.93	3726.39	3530.85	3384.88	3239.36	3182.23	3064.47	2923.7	2884.3	2741.26	2663.66	2583.78	2467.18	2433.76	2337.69	2285.06	2174.89	2130.93	2031.47	2024.69	1910.91	1873.44	1793.62	1738.54	1712.53	1645.4	1600.79	1534.36	1494.87	1462.78	1424.62	1372.57	1312.03	1295.19	1269.34	1217.86	1190.24	1164.25	1114.92	1100.55	1054.44	1033.3	998.803	991.662	965.485	927.231	916.918	889.522	871.879	848.535	821.661	802.17	795.927	778.924	749.479	737.099	704.588	695.608	691.04	669.224	661.058	636.176	628.752	604.553	603.09	586.055	580.387	557.016	544.281	527.335	515.69	518.391	501.056	482.576	478.111	481.367	450.802	443.758	434.349	428.551	419.261	415.488	397.401	395.154	386.384	378.415	370.255	365.034	356.384	346.627	350.704	333.452	323.271	319.857	309.26	306.207	299.727	294.177	287.52	279.983	283.039	270.584	265.005	258.2	260.441	245.554	249.586	241.674	237.675	233.744	225.99	222.329	218.389	210.947	205.978	207.614	199.184	195.002	190.427	189.995	185.381	181.235	178.803	175.784	172.452	170.655	163.148	161.442	158.459	156.137	150.489	148.621	146.857	144.091	143.489	140.305	140.501	135.935	130.261	128.457	127.614	123.791	120.268	119.092	115.388	114.995	112.069	111.471	107.882	106.823	104.35	104.327	98.7002	98.4131	97.7407	92.5795	92.0687	88.1122	87.2806	86.5062	84.558	82.8888	
<type>MDC
<startTime>0
<compartment>0
<stat>median
<data>1087.88	1450.89	1500.8	1554.86	1635.14	1716.97	1791.39	1876.04	1949.09	2078.78	2213.97	2301.11	2456.67	2592.45	2704.45	2902.69	3027.21	3167.76	3360.43	3523.11	3725.34	3964.41	4114.78	4314.67	4503.05	4722.36	4951.09	5164.38	5414.66	5659.91	5951.46	6199.99	6364.23	6724.96	6942.7	7185.85	7445.07	7822.27	8072.18	8242.09	8621.15	8917.35	9189.58	9600.18	9899.79	10184.3	10475	10722.3	11208.1	11697.9	11953.1	12351.7	12639.1	13004.3	13316.5	13748.4	14235.3	14513.2	15075.1	15440.8	15821.3	16268.9	16474.3	17129.1	17232.3	18001.3	18333.2	18630.3	18961	19532.5	19883.1	20309.2	20917.3	21117.5	21425.6	21903.6	22423.1	22881.9	23187.9	23421	24010.6	23994.9	24315.7	25076.9	25418.9	25746.5	25752.9	26345.6	26425.3	26708.9	27046.3	27517	27679.8	27980	28237.6	28273.5	28685.9	28640.5	28804.3	28860.1	29290	29412.1	29725.9	29423.2	29870.2	29949.1	30054.8	30143.1	30454.6	30162.6	30707.2	30601.6	30644.1	30793.6	30829.6	30842.3	30702.6	30987	30726.8	30991.5	30955	31016	30701.7	31020.2	30982.4	30864.2	30868.9	30694.9	31014.7	30934.3	30976.5	30742.8	30887.8	31208.8	30904.2	30540.8	30316.7	30480.3	30543.4	30493	30462.5	30280.5	30181.1	30147.2	30145.3	30110	30209.9	30192.5	29963.1	29728.1	30018.2	29765.9	29727.6	29745.9	29703.2	29820.2	29369.9	29546.4	29338.9	29093.5	29355.4	29428.4	29423.3	29387	28917	29047.3	29135.3	29156.8	28998.5	28743.9	28898.8	28794.3	29130.5	28718.2	28673.8	28501.8	28322.7	28729.6	28486.7	28435	28223.2	28369.4	28229.4	27892.3	27790.2	27740.2	27893.6	27706.2	27439	27544.1	27310.2	27393.3	27136.6	26885	27154.2	26788.4	26532.5	26749.9	26703.6	26508.6	26490.4	26148.1	26062.5	25973.9	25811.9	25757.5	25539.9	25815.4	25241.8	25487.6	24975.9	25121.3	24911.7	24947.7	24823.3	24613	24509.5	24308.1	24321.4	24096.3	24392.1	24063.7	24156.9	23834.8	23421.4	23328.1	23092	23227.6	23177.5	22917.4	22487.9	22571.6	22436	22419.1	22376.8	22126.5	22096.1	21718.3	21677.6	21581	21556.8	21354.8	21170.3	21293.6	21044.8	21102.6	21003.2	20770.9	20616.3	20617	20147	20532.3	20345.4	20270.7	20081.6	20063.1	19739.3	19870.2	19762.5	19592	19495.5	19611.9	19274.8	19072.1	19128.2	19065.1	18862.7	18930.1	18751.2	18516.5	18345.5	18509.5	18372.8	17872.5	18084.2	17970.6	18109.2	17914.4	17733.6	17659	17719.4	17517.4	17386.2	17330.3	17484.2	17213.6	17163.1	16912.3	17165.7	16799.4	16637.2	17034.6	16877.7	16608.9	16578.1	16445	16247	16213.8	16397.3	16286.7	16152.7	16047.7	16122.2	15896.2	15662.1	15718.3	15784.2	15675.5	15599.7	15414.7	15524	15297.6	15109.2	15046.9	15046.4	14851.6	14824.8	14828.1	14852.1	14681.3	14790.2	14587.4	14354.1	14552.8	14286.4	14330.1	14272.6	14186.8	14155.3	14355.3	14210.9	13860.1	13580.2	13844.5	13616	13724.2	13787	13602.7	13674.2	13272.6	13519.2	13416.6	13444.2	13333.7	13464.5	13050.1	12943.3	12995.1	12746.2	12960.6	12893.5	12590.3	12831.3	12446.8	12525.4	12496.8	12405.2	12759.8	12502.3	12530.6	
<type>IDC
<startTime>0
<compartment>0
<stat>median
<data>48628.2	48439.7	48477.4	48451.2	48580.1	48210.8	47934.6	48148	48072.5	47913.2	47756.9	47583.9	47533.5	47311	47123.2	46774.4	46826.9	46522.3	46489	46577.8	45965.9	45805.3	45584.9	45264.7	45178.2	44704.3	44834	44373	44178.5	44022.7	43606.4	43387.4	43188.6	42713.2	42543.9	41998.1	41739	41415.6	40924.9	40954.5	40467.5	40159	39778.6	39405.7	38949.2	38428	37967.4	37556.8	37479.1	36718.6	36348.8	36032.8	35620.4	34891.4	34655.4	34268.2	33593.2	33194.3	32796.8	32293.6	31691.7	31294.2	30452.5	30144.3	29411.5	29109.7	28489.3	27999.8	27416.3	26887.3	26333.1	25984.2	25154.3	24445.1	24217.2	23589.2	22921.8	22670.4	21943.8	21298.1	20786.3	20562.2	19992.1	19281.6	18824.9	18474.6	17835	17312.4	16952.9	16740.1	16252	15663.3	15289.6	15038	14349.4	13812.1	13653.1	13444.6	12925	12742.2	12226.9	11882.5	11674.8	11063.3	10768.4	10288	10392.7	10089.8	9759.81	9425.06	9087.11	8768.52	8561.37	8568.96	8045.31	8103.29	7838.8	7662.59	7510.99	7269.91	7002.63	6949.05	6786.14	6641.25	6263.46	6213.15	6049.22	5883.04	5944.54	5879.77	5560.46	5490.1	5370.77	5210.2	5225.42	5059.3	5004.22	4885.79	4686.6	4544.84	4570.49	4425.89	4454.89	4307.55	4294.69	4248.69	4253.3	4035.36	4077.94	4035.36	3862.19	3847.26	3801.36	3825.78	3692.55	3661.57	3577.76	3534.62	3520.93	3503.8	3495.49	3458.45	3358.1	3298.18	3345.62	3366.77	3260.84	3259.86	3189.84	3175.79	3166.06	3088.23	3083.29	3082.2	3073.25	3080.6	2980.32	2958.05	2964.01	2932.69	2948.12	2971.81	2979.26	3036.73	3073.76	3106.48	3130.17	3211.01	3249.69	3330.96	3408.94	3435.05	3515.33	3537.46	3614.4	3718.79	3772.94	3797.58	3839.87	3909.53	3991.49	4109.15	4108.74	4302.57	4327.65	4450.05	4479.96	4607.24	4630.78	4872.71	4922.49	4993.82	5059.73	5161.35	5260.32	5344.6	5525.19	5708.86	5745.72	5856.56	5988.59	6071.7	6184.35	6338.13	6323.88	6538.31	6628.77	6824.11	6948.89	7065.86	7279.21	7294.06	7524.49	7599.26	7707.36	7832.05	8034.04	8153.01	8260.32	8474.48	8446.05	8586.54	8785.77	8844.76	9066.74	9072.95	9421.81	9471.18	9639.28	9663.95	9885.52	9773.96	10022.4	10192	10282.6	10473	10613.1	10686	10823.4	11148.6	11082.5	11231.1	11414.8	11525.6	11687.7	11762.4	11996.4	11971	12193.1	12325.8	12519.5	12606.3	12847.2	12855.1	12943.6	13086.6	13278.7	13380.9	13492.3	13587.4	13855.6	13977.3	14087.1	14184.9	14419.8	14375.3	14685.5	14725.1	14859.7	15103.2	15099.1	15448.1	15356.6	15578.5	15732.5	15897.4	15791	16044.2	16095.8	16389.5	16464.1	16650	16678.3	16745.2	16911.2	16990.9	17239.4	17337.1	17441.1	17662.8	17662.9	17812.1	18081.5	18024.7	18082.5	18162.7	18346.5	18662.1	18625.3	18752	18739.5	18838.6	19146.5	19231.8	19364.9	19454.3	19422.9	19722.5	19864.3	20057.6	19994.1	20084.6	20320.9	20290.3	20371.7	20528.8	20589.1	21022	20949.3	21128.7	21111.4	21309.8	21155	21642	21733.7	21711	22043.2	22035.9	21865.6	22290.9	22305.6	22382	22486.5	22884.9	22872.7	22738.1	23004.5	22969.1	23171.7	23169.1	
<type>TLN
<startTime>0
<compartment>0
<stat>median
<data>4234.86	4355.87	4426.62	4471.85	4482.32	4511.36	4508.87	4475.02	4485.85	4399.19	4346.39	4246.1	4178.83	4101.89	4011.66	3936.41	3803.09	3739.51	3629.28	3544.97	3438.1	3319.64	3254.36	3165.91	3069.64	2983.75	2950.94	2900.18	2802.56	2730.97	2663.47	2581.41	2539.44	2491.65	2446.94	2398.96	2363.73	2301.51	2262.16	2213.58	2166.34	2140.25	2094.92	2075.89	2038.4	1995.55	1968.09	1948.46	1910.27	1896.21	1854.82	1853.67	1821.94	1791.45	1775.88	1747.59	1740.89	1688.05	1699.76	1675.05	1659.4	1632.54	1618.77	1596.46	1593.01	1591.92	1564.3	1550.64	1536.39	1525.2	1521.09	1507.86	1500.01	1487.23	1485.65	1461.69	1463.95	1458.5	1446.56	1440.7	1446.09	1427.8	1416.7	1411.11	1390.81	1399.75	1394.13	1399.35	1386.88	1383.29	1373.36	1370.2	1362.92	1355.03	1354.92	1354.59	1353.91	1358.39	1344.03	1348.42	1337.72	1339.47	1334.29	1330.94	1330.02	1329.51	1326.8	1326.96	1312.3	1319.19	1317.48	1328.4	1321.16	1324.08	1323.21	1326.33	1329.09	1327.08	1317.61	1321.8	1317.68	1329.92	1328.03	1323.64	1318.27	1320.52	1314.67	1323.67	1323.53	1326.99	1307.4	1321.64	1318.31	1324.01	1320.83	1319.87	1328.38	1326.13	1321.16	1339	1332.91	1323.91	1335.9	1323.72	1324.29	1320.41	1333.39	1331.86	1331.14	1333.81	1334.01	1328	1335.96	1332.23	1337.4	1340.76	1348.82	1349.45	1341.68	1339.08	1350.41	1354.04	1351.22	1345.64	1346.49	1351.34	1350.03	1349.35	1351.68	1359.09	1349.16	1350.14	1353.75	1364.64	1353.68	1354.75	1365.76	1358.7	1353.8	1354.1	1368.45	1363.88	1361.3	1368.74	1369.01	1370.02	1363.04	1369.86	1371.02	1365.56	1369.57	1371.77	1371.06	1374.28	1375.26	1366.65	1390.39	1387.09	1380.96	1378.26	1374.72	1394.54	1390.36	1405.5	1379.67	1401.88	1397.07	1399.62	1423.55	1417.01	1421.18	1415.2	1412.45	1421.43	1420.66	1424.42	1419.81	1426.98	1419.01	1428.37	1430.18	1443.26	1448.17	1447.85	1434.62	1440.26	1450.37	1450.91	1461.58	1455.07	1478.44	1472.12	1462.11	1467.98	1482.89	1489.65	1476.88	1494.39	1497.19	1493.47	1505.2	1497.31	1493.3	1492.09	1509.32	1512.61	1510.87	1520.92	1517.92	1513.23	1520.96	1535.13	1533.84	1553.42	1561.81	1549.74	1548.22	1557.81	1576	1558.43	1563.15	1574.02	1580.59	1597.84	1583.44	1604.66	1595.93	1612.09	1614.93	1611.96	1620.83	1617.42	1623.12	1623.76	1634.78	1641.01	1634.46	1637.06	1655.1	1659.46	1652.48	1661.44	1665.13	1661.15	1661.1	1683.8	1691.86	1696.82	1691.39	1689.76	1715.45	1723.95	1715.67	1721.76	1731.36	1730.48	1744.72	1754.39	1748.13	1748.71	1765.01	1770.78	1787.48	1764.61	1789.53	1776.35	1788.63	1801.61	1805.01	1839.24	1820.75	1815.12	1818.83	1817.96	1843.65	1836.64	1855.87	1857.44	1837.51	1871.59	1850.06	1870.9	1869.91	1861.61	1899.13	1890.63	1900.1	1901.14	1917.19	1904.98	1927.16	1925.02	1925.78	1943.61	1971.25	1953.74	1957.75	2000.67	1979.55	1979.6	1981.54	2011.12	2018.69	2015.48	2019.19	2041.52	2036.62	2043.54	2051.64	2064.42	2075.73	2066.83	2104.42	2121.76	2079.8	2085.24	2113.29	2115.03	2136.33	2134.99	
<type>TpLN
<startTime>0
<compartment>0
<stat>median
<data>188.812	682.615	1034.93	1266.01	1380.63	1463.92	1512.28	1555.8	1587.98	1611.68	1664.35	1675.63	1704.7	1730.57	1764.76	1779.32	1793.48	1838.34	1858.53	1887.75	1915.2	1934.01	1958.08	1962.85	2007.61	2030.44	2036.71	2071.12	2068.67	2112.25	2125.14	2138.84	2167.29	2192.76	2211.14	2234.29	2240.05	2271.7	2288.17	2320.12	2336.12	2345.09	2363.63	2406.74	2424.92	2447.72	2478.73	2505.65	2519.39	2556.55	2563.64	2589.64	2606.31	2635.55	2668.71	2686	2716.86	2720.6	2735.15	2774.64	2808.05	2822.98	2863.05	2865.18	2886.02	2914.2	2949.16	2979.15	2981.98	3015.15	3044.23	3060.09	3090.58	3077.31	3120.23	3136.52	3166.25	3172.7	3206.42	3222.58	3267.95	3284.46	3288.18	3305.52	3322.55	3341.73	3340.59	3379.4	3383.69	3390.22	3414.67	3426.64	3417.74	3450.83	3451.37	3481.42	3486.65	3477.42	3496.23	3490.8	3526.21	3519.34	3522.42	3543.66	3546.7	3541.65	3559.73	3572.42	3552.17	3562.95	3565.43	3548.49	3581.66	3592.67	3594.4	3619.39	3579.62	3580.66	3602.48	3592.63	3607.44	3584.57	3610.56	3609.14	3613.82	3578.74	3590.87	3613.61	3617.44	3602.23	3570.98	3582.35	3584.5	3610.75	3594.1	3580.48	3572.82	3594.76	3582.51	3585.25	3574.67	3578.44	3558.92	3556.1	3561.85	3558.07	3575.14	3561.89	3561.67	3542.54	3546.07	3528.48	3534.32	3563.22	3533.87	3551.23	3536.31	3533.4	3518.79	3530.19	3504.09	3516.89	3530.97	3543.11	3511.54	3513.24	3507.94	3514.94	3499.51	3514.69	3486.4	3493.51	3499.07	3485.7	3490.17	3475.22	3471.39	3494.84	3489.18	3457.39	3463.42	3468.45	3454.75	3457.17	3454.77	3451.66	3445.11	3438.7	3438.97	3448.4	3411.73	3417.88	3421.35	3411.39	3393.51	3392.71	3390.6	3396.42	3378.58	3370.91	3364.64	3362.67	3366.13	3378.77	3338.62	3333.49	3328.07	3330.72	3325.86	3337.23	3327.02	3311.64	3323.5	3313.51	3283.76	3282.51	3275.47	3282.14	3270.35	3261.05	3231.28	3245.88	3246.09	3238.63	3225.29	3203.19	3217.6	3215.87	3198.96	3199.25	3199.95	3185.81	3160.05	3166.6	3143.15	3153.35	3159.18	3141.18	3125.71	3138.1	3106.91	3088.37	3101.94	3099.36	3071.36	3097.82	3076.23	3070.25	3049.44	3074.51	3032.38	3061.04	3068.86	3067.41	3031.99	3033.53	3019.16	3033.89	3011.11	3005.59	2989.51	3006.73	2992.3	2991.42	2983.79	2968.37	2958.34	2963.68	2971.43	2944.19	2963.25	2940.43	2908.24	2921.49	2911.31	2904.87	2915.56	2912.07	2875.18	2897.89	2867.9	2913.74	2874.88	2868.3	2886.55	2851.91	2855.42	2868.64	2839.08	2844.98	2828.98	2830.13	2810.37	2803.08	2796.35	2818.63	2816.49	2815.64	2792.01	2771.9	2783.46	2783.38	2781.23	2783.2	2780.51	2773.17	2751.81	2758.86	2759.34	2749.48	2729.1	2741.42	2715.96	2710.4	2714.03	2705.98	2705.71	2697.63	2703.27	2693.1	2705.85	2681.92	2678.24	2670.61	2672.98	2688.48	2675.35	2666.03	2615.32	2657.47	2654.32	2634.89	2650.47	2622.27	2619.33	2606.59	2618.08	2599.83	2585.87	2585.65	2589.7	2603.16	2603.94	2561.26	2572.41	2566.38	2557.27	2562.24	2556.83	2574.35	2562.03	2569.09	2565.18	2545.76	2546.43	2542.15	2537.21	2547.33	2533.41	2528.05	
<type>IL10
<startTime>0
<compartment>0
<stat>median
<data>6.42121e-005	0.00012866	0.00017489	0.000232775	0.000307563	0.000390177	0.000483254	0.0005852	0.000697163	0.00082401	0.000980309	0.00114582	0.00132552	0.0015326	0.00175197	0.00197871	0.00229579	0.00257597	0.00291939	0.00325443	0.00363003	0.004028	0.00462453	0.00513057	0.00567744	0.00631745	0.00712493	0.00761395	0.00809643	0.00912548	0.0100052	0.0110911	0.0119606	0.0134171	0.0144743	0.0158142	0.0179761	0.0188337	0.0207995	0.0225548	0.0248664	0.0276382	0.0292884	0.0321864	0.0342426	0.0375753	0.0404369	0.0443404	0.0483172	0.0520033	0.0561839	0.0621646	0.0677368	0.0718441	0.0786857	0.0812799	0.0918975	0.0969438	0.106122	0.115059	0.121863	0.134603	0.143595	0.162769	0.175961	0.188648	0.203658	0.213851	0.236378	0.254027	0.276052	0.29154	0.323989	0.351645	0.377749	0.389248	0.424146	0.45518	0.498587	0.522539	0.578122	0.622319	0.694865	0.710603	0.737534	0.837889	0.888836	0.960526	1.00832	1.10157	1.17148	1.22879	1.32305	1.40313	1.52513	1.60864	1.82101	1.84237	1.92149	2.15143	2.21819	2.37783	2.554	2.72065	2.91775	3.14485	3.31032	3.47547	3.64917	3.87175	4.11841	4.47175	4.71028	4.78097	5.27715	5.26059	5.75269	6.01874	6.2962	6.75811	7.07214	7.25511	7.9558	8.14115	8.47309	9.08119	9.24804	9.91768	10.2225	10.5658	11.1363	11.7131	12.3484	12.8578	13.3343	13.7525	14.5442	15.3457	15.381	16.2537	17.1199	17.3739	18.1664	18.813	19.3684	19.7487	20.8958	21.998	22.9868	23.3103	23.8137	24.7844	25.6382	26.9816	27.3099	28.0886	29.2025	29.5865	30.3976	31.1469	32.7115	33.2265	34.3216	35.5587	35.7774	36.9473	37.8274	39.3343	39.8496	41.2485	41.6195	43.3602	44.0416	45.5524	45.9505	47.1956	47.6007	49.3596	49.8043	50.9941	51.6797	51.3289	49.9701	48.1647	46.1031	44.1701	42.617	40.2644	37.3352	35.6353	33.1576	31.2131	29.5138	27.4395	26.3837	25.1346	23.9726	22.1517	21.1034	20.0811	19.0562	18.2055	17.2333	16.5264	15.7308	14.8828	14.4817	13.6388	13.1213	12.7481	12.1061	11.608	11.279	10.8093	10.3361	10.0219	9.63332	9.38054	8.94093	8.78167	8.39862	8.20816	7.93991	7.67647	7.44421	7.10336	6.99782	6.85285	6.58083	6.47589	6.30003	6.09178	5.88962	5.81758	5.6432	5.45052	5.34946	5.19576	5.11424	4.98469	4.86769	4.69623	4.61698	4.54072	4.42225	4.29228	4.21578	4.15075	3.99575	3.9401	3.84875	3.7965	3.70772	3.64869	3.57538	3.53073	3.38989	3.36181	3.27611	3.23382	3.16491	3.11872	3.06962	2.99662	2.95089	2.85751	2.81517	2.79137	2.73939	2.70267	2.64458	2.60242	2.56512	2.49363	2.41036	2.40634	2.33351	2.3681	2.30699	2.25058	2.20684	2.16026	2.12393	2.08311	2.06239	2.03735	2.02046	2.01466	1.94036	1.91193	1.90353	1.89511	1.83288	1.8045	1.7709	1.75266	1.72938	1.71004	1.67885	1.65066	1.6207	1.60212	1.57858	1.5314	1.53265	1.50929	1.48847	1.47241	1.42554	1.43118	1.4031	1.39165	1.37109	1.34837	1.32727	1.31224	1.30942	1.30778	1.26031	1.24748	1.23484	1.22193	1.20102	1.1732	1.16704	1.15338	1.12821	1.11333	1.10328	1.09566	1.09055	1.07463	1.05185	1.04251	1.02689	1.0245	0.998092	0.984772	0.968261	0.965616	0.955104	0.950204	0.934557	0.906152	0.913778	0.882808	0.880367	0.87699	0.876348	0.85329	0.852793	0.829392	0.822323	0.811132	0.795604	0.787879	0.773939	0.764854	0.765003	0.747332	
<type>IL4
<startTime>0
<compartment>0
<stat>median
<data>2.06667e-009	1.30596e-007	1.02602e-006	3.83207e-006	8.51976e-006	1.57394e-005	2.53044e-005	3.72625e-005	5.17261e-005	6.74516e-005	8.80643e-005	0.000112106	0.00013818	0.000169193	0.000204686	0.000242634	0.000276761	0.000344568	0.00039224	0.000465959	0.000516413	0.000614826	0.000701557	0.000798497	0.000891855	0.00100352	0.00112939	0.00126606	0.00143362	0.00161258	0.00183608	0.00209447	0.00228827	0.00245185	0.00278285	0.0030914	0.00349684	0.00394974	0.00417195	0.00470085	0.00539843	0.00577553	0.00655415	0.00737109	0.00803703	0.00906928	0.0105407	0.0107247	0.012852	0.0129389	0.0150513	0.0170989	0.0185873	0.0200626	0.024327	0.0264913	0.0292522	0.0320054	0.0379882	0.0444501	0.0468997	0.0608184	0.0632927	0.0712714	0.0787224	0.0871497	0.0960191	0.113469	0.12947	0.137993	0.179159	0.185223	0.213769	0.223809	0.280351	0.275562	0.337963	0.354613	0.38919	0.465334	0.475724	0.548306	0.575776	0.682108	0.771207	0.856703	0.937711	1.05655	1.12311	1.1582	1.28569	1.48835	1.54587	1.72609	1.87753	2.06972	2.15945	2.40454	2.5508	2.87762	3.04643	3.25361	3.53378	3.72685	3.9874	4.22253	4.49984	4.81592	5.18457	5.50254	5.88846	6.01334	6.40526	6.811	7.04491	7.32234	7.83512	8.32861	8.89764	9.04522	9.60413	9.78579	10.4852	10.5894	11.4209	12.0211	12.1339	12.5964	13.5214	13.7604	14.463	14.9831	15.4931	16.2854	16.57	17.2454	17.4209	18.0178	18.4804	18.9026	19.6065	21.1015	21.429	21.6525	22.3227	23.0896	23.2601	24.096	24.5224	25.4476	26.3552	26.2344	26.8238	27.3542	27.8417	28.9674	29.4565	29.9163	30.7176	30.9438	31.8798	32.6086	32.9753	33.6639	33.8523	34.4057	34.7891	36.0339	35.7746	36.3221	36.7947	37.3351	38.6735	38.8499	39.2432	39.3764	40.5517	40.7658	41.5375	41.5013	42.1907	43.9172	42.8067	42.8865	43.6168	44.1641	44.1935	42.7081	42.8291	41.6897	41.1405	40.2287	38.901	37.6749	36.2386	36.1614	34.9054	33.4205	32.4644	31.6354	30.7119	29.269	28.6593	27.8157	26.6543	25.8467	24.7447	24.1341	23.1094	22.2436	21.5665	20.8578	20.4134	19.8857	19.2749	18.615	18.0376	17.0054	16.705	16.2796	15.5337	15.4133	15.1123	14.5102	14.03	13.7634	13.284	12.7829	12.6145	12.1655	11.8938	11.6002	11.0693	10.5599	10.3332	9.9653	9.79592	9.61924	9.41869	9.32018	8.66815	8.68574	8.57059	8.50131	8.23353	7.90053	7.79936	7.67013	7.31944	7.16237	7.01434	7.01392	6.70077	6.60071	6.45539	6.20437	6.2069	6.06069	5.93013	5.82572	5.55168	5.4787	5.34493	5.17076	5.09274	4.94032	4.98924	4.70056	4.66246	4.60654	4.55935	4.39777	4.22712	4.21132	4.08933	4.0507	3.97432	3.85895	3.80835	3.70772	3.62845	3.63895	3.51886	3.42534	3.39798	3.30772	3.22081	3.19589	3.1152	3.03413	3.02288	2.89525	2.85346	2.81249	2.77857	2.68445	2.61564	2.58689	2.52157	2.52944	2.46031	2.43259	2.3514	2.29421	2.28701	2.19489	2.1281	2.14129	2.11021	2.04268	2.06722	2.00865	1.93955	1.90644	1.87491	1.85936	1.82757	1.76223	1.73281	1.70531	1.63913	1.66168	1.6127	1.60495	1.53875	1.51125	1.46166	1.48005	1.48614	1.43689	1.44046	1.4161	1.35813	1.33098	1.31107	1.31391	1.29069	1.238	1.20897	1.20154	1.19641	1.1454	1.13188	1.11398	1.06596	1.04878	1.05569	1.03217	1.02474	1.02086	0.962551	0.950868	0.953395	0.916042	0.922099	0.886091	0.868884	0.864891	0.849758	0.809155	
<type>IFN
<startTime>0
<compartment>0
<stat>median
<data>0.0259935	0.0775174	0.106477	0.122646	0.134904	0.142421	0.153781	0.164189	0.177332	0.186737	0.195927	0.217971	0.224805	0.235921	0.251964	0.267003	0.274557	0.292492	0.305401	0.318838	0.334473	0.348059	0.372685	0.383934	0.400283	0.420981	0.44151	0.465377	0.473766	0.503283	0.525435	0.539398	0.567824	0.592048	0.612539	0.628821	0.668614	0.69924	0.728809	0.757364	0.780279	0.812843	0.844971	0.87927	0.893416	0.937312	0.972513	1.03529	1.06353	1.08991	1.14541	1.1925	1.22658	1.26096	1.32645	1.36679	1.43218	1.48358	1.52699	1.58215	1.65702	1.71894	1.75952	1.85782	1.91445	1.98056	2.03884	2.10126	2.21632	2.32276	2.37367	2.44883	2.54746	2.68508	2.69496	2.85625	2.9728	3.02417	3.15103	3.27852	3.32969	3.53741	3.68833	3.86087	4.03748	4.22327	4.26005	4.57736	4.71635	4.8142	5.04332	5.15365	5.36624	5.66408	5.81483	6.12096	6.33229	6.69815	6.90643	7.32022	7.68924	8.04139	8.21258	8.70741	9.0966	9.37651	9.77322	10.3044	10.5838	11.1572	11.5784	12.6115	13.2853	13.4337	14.1494	15.0797	15.6187	15.7846	16.2614	17.4556	18.0666	18.3453	19.4522	20.3824	21.3259	21.738	22.7026	24.0265	24.7866	26.0411	26.8058	27.5722	28.5904	29.4159	30.2486	31.3112	32.8739	34.6953	35.0382	38.1037	37.4702	39.3347	40.2141	41.0079	42.8694	44.4226	45.9227	46.5945	49.0482	49.8991	51.9762	53.6421	54.0363	56.3658	56.4493	59.1803	60.5451	63.3491	64.9236	65.5888	67.1477	68.5884	70.4981	70.3846	71.5274	74.5592	75.9859	75.9591	78.0026	80.0017	82.3871	83.1854	84.4719	87.2749	89.222	89.4649	89.8727	93.1609	94.0817	95.5216	97.9459	94.68	90.7415	89.0639	84.5466	79.9699	73.1506	66.9509	60.2499	54.5701	49.0774	44.1809	38.7794	34.7608	30.878	27.2138	24.2581	20.8995	18.9686	17.0987	15.5761	13.2573	12.6718	11.331	9.78575	8.78881	7.87426	7.47532	6.73808	5.87943	5.2859	4.71798	4.22699	4.00306	3.40151	3.06293	2.77597	2.56283	2.34342	2.13024	2.09027	1.80159	1.74903	1.57442	1.44435	1.33139	1.1708	1.06897	1.01094	1.00632	0.853944	0.795026	0.756523	0.69271	0.64869	0.604192	0.553891	0.527875	0.481284	0.456405	0.409253	0.418133	0.380244	0.352341	0.328681	0.324834	0.299224	0.286631	0.289572	0.264541	0.251961	0.238541	0.229493	0.225367	0.209289	0.206069	0.182662	0.189359	0.172031	0.175197	0.165209	0.163812	0.149206	0.139594	0.138123	0.138534	0.129084	0.126855	0.123713	0.117782	0.109875	0.108988	0.100169	0.10434	0.0983318	0.100225	0.0908871	0.0887649	0.0853778	0.0839969	0.0864727	0.0809082	0.0817044	0.0745268	0.0716387	0.0745552	0.0736681	0.0661817	0.0668942	0.064924	0.061853	0.0644598	0.0574103	0.0596112	0.059525	0.0595533	0.0548603	0.055453	0.0536643	0.0521811	0.0497502	0.0515261	0.0504042	0.0504991	0.0501318	0.0463771	0.0464072	0.0464253	0.0413465	0.0427432	0.0422505	0.0431802	0.0413828	0.0412463	0.0386493	0.038604	0.0378297	0.0367869	0.0370949	0.0345234	0.0348526	0.0350035	0.0354766	0.0346888	0.0329021	0.0350789	0.0314977	0.0318863	0.0327883	0.0321924	0.0311398	0.0286821	0.029872	0.0295773	0.0298137	0.0287345	0.027231	0.0283976	0.0275858	0.0263701	0.0269176	0.025739	0.0255856	0.0260535	0.0245134	0.0253436	0.0251911	0.0241571	0.0244267	0.0233198	0.0230764	0.0243302	0.0232824	0.0229547	0.0213644	0.0218341	0.021774	0.021104	0.0205809	0.0207917	
<type>IL12L
<startTime>0
<compartment>0
<stat>median
<data>0.483041	0.948137	1.1142	1.16664	1.1937	1.20385	1.23502	1.2456	1.26086	1.27816	1.26736	1.28934	1.31404	1.30494	1.33024	1.33228	1.34208	1.3673	1.37262	1.3971	1.37259	1.39767	1.39825	1.41343	1.42865	1.43484	1.45246	1.45275	1.47396	1.47964	1.48024	1.49547	1.49782	1.50766	1.5345	1.54503	1.54602	1.54321	1.57603	1.58195	1.59594	1.5896	1.59949	1.60537	1.61431	1.61905	1.62824	1.65292	1.64711	1.66246	1.686	1.68529	1.68742	1.70759	1.72513	1.72316	1.72026	1.73487	1.75138	1.77148	1.77538	1.78899	1.8053	1.83127	1.84375	1.85206	1.86497	1.85082	1.86136	1.89113	1.91886	1.9271	1.93681	1.97039	1.98457	1.99909	2.04008	2.03471	2.05178	2.0688	2.099	2.16059	2.15441	2.15453	2.22562	2.25469	2.26331	2.31856	2.32528	2.38711	2.41369	2.47141	2.47797	2.59418	2.63167	2.66459	2.69273	2.78917	2.91889	2.97591	3.10437	3.12941	3.2594	3.38751	3.40935	3.60142	3.59453	3.79672	3.89793	4.02885	4.26022	4.34974	4.50367	4.70431	4.85545	5.12893	5.17621	5.37445	5.57063	5.87879	6.09931	6.42223	6.57284	6.91784	7.2681	7.73555	7.74083	8.11445	8.09852	8.57226	9.0926	9.49804	10.2268	10.3895	11.0589	11.3187	11.6296	12.5474	13.21	13.3986	13.8521	14.2782	14.9518	15.9348	16.672	17.1768	18.0061	18.5342	19.3949	20.0824	20.5755	21.6536	23.5749	23.9773	23.5093	24.7354	26.2359	26.6542	28.8111	29.1451	29.6635	30.5411	32.3808	33.5504	34.5501	35.1767	36.7071	36.9921	40.8047	40.3324	41.307	44.3116	43.4013	45.7571	47.5503	48.268	49.3535	53.8116	53.9213	55.2167	54.4704	56.1472	54.55	51.4557	49.8698	47.0499	42.7362	38.8964	37.2859	34.6265	32.0606	28.55	27.2996	25.9307	23.0933	21.1005	20.7408	19.1453	18.0396	16.4645	15.3141	14.6055	13.829	12.8898	12.8108	12.1706	11.2525	10.739	10.2533	9.94304	9.2985	8.99932	8.58449	8.32301	8.13246	8.06607	7.58826	7.44285	7.28177	7.02654	6.9083	6.61473	6.35129	6.35895	6.1069	6.03605	5.96591	5.97522	5.60135	5.64985	5.50814	5.31775	5.25642	5.2717	5.10313	5.00134	4.95448	4.88785	4.80841	4.74577	4.77376	4.65459	4.66949	4.55017	4.48966	4.43635	4.36599	4.27616	4.29786	4.26279	4.21279	4.12138	4.1112	4.09735	4.07786	4.03915	4.02055	3.97043	3.92968	3.86735	3.88001	3.7725	3.79406	3.73444	3.75085	3.7187	3.76191	3.67172	3.62802	3.64188	3.60675	3.62098	3.56868	3.54259	3.54056	3.51313	3.51268	3.47516	3.45163	3.49357	3.40188	3.40718	3.39159	3.37193	3.32425	3.3406	3.31515	3.32598	3.29666	3.29166	3.26947	3.26528	3.26682	3.28031	3.20889	3.21262	3.16188	3.20481	3.21164	3.16341	3.17071	3.17808	3.11457	3.13412	3.11592	3.13519	3.11251	3.10794	3.06335	3.05928	3.0557	3.03503	3.06107	3.05347	3.03057	3.08246	3.03173	2.99032	3.00634	3.01434	3.00762	3.01268	3.00813	2.9791	2.95379	2.97914	2.94657	2.95321	2.93609	2.953	2.94539	2.9276	2.90455	2.93941	2.94088	2.87372	2.90178	2.89262	2.90651	2.91551	2.89843	2.88815	2.90476	2.86937	2.85915	2.85621	2.87767	2.84359	2.84664	2.83689	2.84455	2.81829	2.82843	2.84391	2.82584	2.85374	2.7945	2.78451	2.7968	2.7991	
<type>IL12LN
<startTime>0
<compartment>0
<stat>median
<data>1.26541	3.43665	4.48563	4.91031	5.24944	5.55484	5.78875	6.1591	6.38522	6.79931	7.19043	7.46875	7.96103	8.34517	9.00491	9.1733	9.9378	10.171	10.848	11.463	12.0998	12.4532	13.0817	14.0071	14.6978	15.3103	15.9947	17.1172	17.7306	18.7228	19.5501	20.272	20.8886	21.7453	22.6701	23.9477	24.7556	25.3501	26.2286	27.8938	29.0977	29.4696	30.9335	31.6379	32.4371	34.3206	34.5992	35.5579	36.9077	38.0728	39.8001	40.4331	42.3031	43.4055	44.9255	45.7765	47.8618	49.1091	49.9622	51.3854	53.1507	54.4957	55.9945	57.7141	57.7405	59.9988	61.3291	63.2974	64.5609	65.9624	66.9555	68.6931	68.9545	71.5975	73.0814	72.936	76.0986	77.4237	79.1146	78.7235	79.3571	80.8722	82.7792	84.8328	85.3128	87.2642	87.1006	89.478	91.1953	90.1561	92.0474	92.3911	91.7995	94.4857	95.0689	95.4538	96.1915	97.5641	98.2237	98.7729	99.9225	101.509	101.3	102.688	102.547	103.085	102.417	103.367	103.537	103.315	105.172	104.32	104.099	104.185	105.448	105.247	104.834	105.607	106.238	105.661	106.719	106.688	105.996	104.839	106.399	106.786	106.093	106.763	104.512	106.273	106.71	105.07	104.945	105.437	104.348	106.311	105.417	105.096	104.827	104.995	105.326	103.756	104.232	104.225	103.535	103.547	101.05	102.883	104.436	103.06	101.63	101.787	101.945	100.313	101.415	101.192	103.42	101.701	100.476	100.383	100.937	101.475	98.9085	100.011	99.4591	99.9327	100.182	100.554	98.4883	99.3851	100.713	98.5911	98.1659	98.2462	97.8214	97.4606	97.2331	98.1222	96.0523	95.891	97.5166	97.4835	96.156	95.9237	95.889	96.2389	96.2705	94.5665	95.6881	94.8064	92.6789	94.3634	93.5789	92.9544	93.6822	93.5559	90.7172	91.8095	90.6628	91.0397	91.8391	89.7414	90.2776	89.4717	89.6266	88.0292	89.0552	88.4185	87.5181	87.3995	86.9507	86.7692	86.4421	85.7537	85.302	84.8484	84.66	84.5684	84.7536	84.4868	82.8167	83.1527	83.0052	82.5711	81.5335	81.4966	80.406	80.8248	79.2978	79.3032	79.3265	78.4904	76.9726	78.7409	77.513	77.3651	76.5244	75.1741	75.1698	75.0912	75.7154	76.2634	74.773	73.7026	73.9374	72.7716	72.4327	71.5515	71.7089	71.3563	72.8241	71.6165	71.2169	69.9415	70.5615	70.5522	68.7649	68.8291	68.773	68.1611	67.6328	67.2026	66.0289	67.2305	65.9405	65.1845	66.0543	65.6945	65.4962	66.2049	65.6398	64.5346	64.5437	63.8038	62.6541	63.2584	63.4689	61.9573	61.8679	62.0524	61.7395	61.4786	62.441	60.8632	60.4325	59.6786	60.7935	59.5366	59.3306	58.8837	59.358	58.7111	58.0939	57.6972	57.1651	57.219	56.7099	56.9194	56.7783	56.933	56.1551	56.1295	55.2681	55.2835	55.1745	54.4911	54.6623	54.0672	54.8626	55.0752	54.9926	53.7601	53.5536	53.5577	52.5666	52.3837	52.6667	52.5308	51.8993	52.0445	51.7774	51.718	49.3939	50.3404	51.0429	51.4927	49.4404	49.6299	49.7281	49.2299	49.1933	48.953	50.2163	47.9773	47.3737	47.4702	47.8739	47.2944	48.155	47.621	47.2108	47.8597	47.9767	46.7202	46.5325	46.8574	46.0245	46.6232	45.4858	46.0382	45.2151	44.8042	43.759	44.4751	45.4018	44.0027	43.731	43.3713	43.7966	43.8301	
