<fileType>macro
<type>Ma
<startTime>0
<compartment>0
<stat>median
<data>0.00211593	0.0170513	0.043921	0.0805593	0.119378	0.170546	0.221486	0.279671	0.354866	0.431045	0.511353	0.621904	0.72295	0.832339	0.951309	1.09007	1.27124	1.44647	1.61092	1.82364	2.06208	2.3156	2.67291	2.92739	3.16782	3.49525	3.95809	4.30479	4.83466	5.19822	5.78594	6.21804	7.07498	7.54147	8.4047	9.01815	9.92905	10.9093	11.9878	13.1032	14.2232	15.5141	17.2401	18.6832	20.1864	22.2572	23.3567	25.3345	28.5489	30.3078	31.8662	35.8307	38.9757	41.2752	45.8131	50.2984	54.2386	56.0071	64.0907	67.4979	73.9918	80.3748	86.3204	93.7721	98.8487	109.639	117.725	126.476	135.241	146.052	163.864	174.296	184.944	203.184	225.654	244.523	259.093	275.997	312.091	326.449	343.991	368.06	389.474	444.54	463.569	517.697	582.236	593.34	674.272	670.003	720.398	773.966	857.097	900.066	987.922	1059.47	1125.1	1200.06	1341.37	1368.8	1519.73	1595.36	1740.26	1836.68	1957.28	2151.51	2273.92	2362.45	2606.69	2777	2988.84	3142.84	3278.34	3505.01	3923.79	4177.29	4370.5	4654.01	4929.87	5175.35	5595.27	6046.21	6348.95	6734.45	6896.02	7674.58	7957.66	8098.31	8749.3	9237.69	9882.03	10385.6	10996	11569.7	12227.5	12567.9	13702.5	14435.3	14819.2	15691.1	16407.1	17112.6	18124.2	18682.9	19587.6	20726.6	21987.7	22515.8	23569.8	23851.4	25555.8	26065.4	27733.3	28644.3	31072.2	31033.6	33091.5	33237.6	35030.9	36818.7	38623.9	40444.4	40619.3	42530.9	43530.4	44679.3	47463.8	49118.4	50399.7	52559.2	55294.3	55247.6	57335.3	59863.7	59884.7	61959.4	63354	65966.4	67468.9	71297.7	70351.5	70036.8	66108.6	62602.9	59648.7	54405.1	49643.3	44525.6	41143.2	39047	34718	31288.3	28712.1	26542.9	23910.5	22680.8	20201.3	18527.4	17523.9	15943.3	15188	14026	13085.8	11997.5	11624.1	10611.3	10134.4	9588.6	9151.42	8467.49	8041.5	7682.54	7433.98	6884.77	6593.49	6327.08	6104.13	5809.33	5537.06	5316.95	5138.14	4861.9	4829.98	4543.37	4386.4	4232.72	4074.96	3997.45	3798.53	3604.88	3608.2	3513.13	3323.86	3233.6	3190.18	3044.46	2976.51	2908.65	2818.72	2688.95	2694.88	2614.54	2512.56	2466.87	2394.89	2341.82	2234.86	2200.74	2153.58	2090.77	2068.87	2022.89	1977.74	1938.66	1901.2	1851.71	1785	1782.61	1747.15	1699	1663.32	1614.63	1583.18	1556.66	1514.28	1499.96	1481.25	1447.52	1402.17	1397.96	1351.49	1320.83	1289.87	1269.87	1270.02	1231.05	1210.09	1188.57	1178.34	1148.48	1129.32	1101.27	1100.07	1076.79	1060.15	1020.11	1006.46	1003.54	988.509	966.874	955.712	932.174	915.282	913.423	901.182	873.094	859.228	854.193	833.281	818.489	802.003	796.855	788.799	771.475	766.684	750.648	740.317	724.755	732.454	717.496	692.33	686.497	679.624	668.581	661.703	645.134	636.724	636.316	620.207	612.012	608.319	592.418	590.444	581.096	562.07	564.357	559.947	550.892	539.069	531.632	523.251	515.058	509.807	506.488	503.442	499.842	495.408	477.574	474.803	466.163	460.175	456.473	450.619	443.303	436.301	433.388	426.953	417.205	419.74	408.661	398.539	402.042	392.906	391.615	386.231	378.585	380.217	370.327	366.834	364.756	
<type>Ma
<startTime>0
<compartment>1
<stat>median
<data>2.42727e-027	3.05151e-006	1.68397e-005	4.62992e-005	9.55994e-005	0.000165633	0.000262667	0.00039307	0.000556074	0.000778024	0.00105029	0.00135343	0.00171684	0.00218347	0.00274166	0.00342651	0.00412051	0.00503732	0.00589913	0.00710251	0.00860024	0.0099105	0.0114122	0.0135072	0.0162056	0.0182907	0.0216934	0.0241188	0.0273795	0.0318149	0.0357638	0.0403468	0.0474496	0.0521783	0.0604667	0.0660588	0.0757571	0.0852427	0.095903	0.108824	0.119527	0.135538	0.149125	0.170425	0.186548	0.206611	0.225878	0.258622	0.28922	0.321621	0.351463	0.396171	0.436971	0.492499	0.537767	0.584074	0.636842	0.700787	0.780224	0.859498	0.976052	1.05787	1.16523	1.2721	1.42086	1.55895	1.68184	1.83672	2.02195	2.20136	2.40339	2.60887	2.94975	3.10021	3.38537	3.77358	4.17526	4.56841	5.04953	5.58901	5.99098	6.34245	7.31806	7.36057	8.60087	9.18594	10.2456	10.4981	12.3091	12.924	14.1925	16.0669	16.6073	17.9422	19.4951	21.2396	22.509	23.9916	26.2583	28.5111	30.9555	34.5495	36.4059	40.3287	43.0057	46.3226	50.6411	53.4333	59	64.301	66.0231	70.96	78.0005	84.7874	89.4136	100.353	109.649	113.05	120.282	133.188	133.451	147.594	165.789	176.846	182.84	196.439	202.911	220.542	229.074	245.023	269.782	276.404	299.243	322.766	343.002	364.129	386.193	396.363	429.294	465.619	480.022	518.345	545.223	589.043	610.935	638.38	663.3	701.939	761.539	817.961	848.338	893.432	915.745	982.741	999.483	1125.07	1160.21	1219.55	1262.82	1319.2	1405.38	1500.26	1572.77	1547.83	1671.44	1749.28	1916.92	1992.15	2135.1	2144.65	2243.85	2434.69	2542.17	2639.83	2707.89	2981.76	3012.21	3237.94	3348.01	3533.13	3679.28	3720.75	3609.93	3558.49	3457.07	3372.63	3216.85	3123.61	2939.18	2842.37	2660	2572.26	2412.08	2369.03	2153.76	2070.12	1964.36	1863.98	1762.03	1630.25	1596.08	1503.14	1436.13	1365.31	1332.54	1258.7	1175.24	1153.3	1100.28	1071.62	1011.96	951.314	910.459	883.484	826.988	805.852	763.538	755.736	705.091	696.999	678.586	626.845	631.074	591.568	566.768	562.619	550.073	524.778	516.128	489.69	462.758	456.849	445.746	440.552	420.006	400.937	397.766	384.807	366.781	361.47	358.315	333.435	337.716	324.017	316.965	311.266	302.55	289.395	280.429	279.127	276.536	267.425	258.652	252.081	254.003	239.332	235.57	237.169	229.988	219.44	220.751	214.835	209.156	207.222	198.351	192.839	190.063	189.118	182.822	180.752	176.43	173.381	172.539	167.3	165.285	163.662	153.933	155.803	151.01	148.337	143.875	144.807	142.645	138.608	137.044	132.941	132.034	129.172	129.27	124.661	124.733	120.444	117.781	117.143	115.941	115.3	112.203	110.751	106.339	107.965	104.972	104.607	100.941	100.888	98.7809	97.0064	93.529	94.1396	93.3312	91.4792	91.8359	88.6542	85.9827	86.5662	82.6728	84.4886	82.4277	81.6814	80.922	78.7691	76.0766	75.8407	76.4037	75.1448	73.6028	72.5059	72.4821	71.5489	68.815	68.3144	69.6632	66.6485	67.1966	64.1466	63.2183	63.8356	62.4297	60.6672	60.8236	58.9901	59.0164	58.1922	56.8801	56.1628	56.135	55.9123	54.8907	53.1037	53.6628	52.5992	52.1138	51.0906	51.0841	50.0078	49.2882	48.9612	48.5723	47.2858	47.0482	46.4049	
<type>Mr
<startTime>0
<compartment>0
<stat>median
<data>495746	493492	493947	495183	493136	493699	492737	494982	494307	494659	493402	495981	495940	492585	495109	495051	496222	493736	495033	491732	490156	495111	493548	496452	495837	494284	494778	495147	493012	496337	492856	494966	493614	494019	492701	493790	496255	491839	495779	493033	491509	494169	491930	493482	493376	494865	494182	493827	492239	491712	493659	494668	492097	494544	492663	492897	494854	494348	494775	491744	493478	492457	493517	493718	494570	492280	494061	492577	494459	490752	491837	495133	493876	493631	492842	492863	492222	495420	490934	493707	491265	492964	491198	490638	491953	492508	489536	489173	491213	490768	490553	490469	490470	490335	491177	492194	490287	488432	489561	490283	490399	486546	488249	487828	489404	489573	488176	487686	486871	488275	487115	488271	489370	488872	491155	488410	488689	485044	486362	485669	487055	486426	484061	485483	486867	485291	486266	484109	483404	484836	479996	483198	481690	483377	481185	482280	480877	480127	481027	482160	481177	480637	480207	477505	475797	475975	476314	474865	475186	475327	475797	476143	473851	474424	475502	475380	473385	473973	471329	471868	469506	471148	467518	468897	467920	468266	467508	466242	465015	462346	464584	467399	464959	462118	465640	462640	461085	463165	461627	460507	463224	466265	470145	474297	482549	489022	496803	500318	502747	510816	513996	518615	519579	520698	523622	530268	531853	533846	531888	533269	533333	536433	535065	541016	543918	542004	543889	543289	537834	543254	539713	544030	544031	543879	545052	543926	540970	547977	547876	544847	546011	544188	547419	543691	541438	542865	547858	546268	543162	540642	546838	547380	547982	548334	549620	542542	546085	549721	545965	543512	544787	542600	545988	549116	547479	544781	547134	545823	546570	545229	547309	548171	549863	545029	544425	546860	544128	545498	545605	548350	540959	548000	543644	545203	547243	544178	537411	545822	542477	543391	543683	545059	541278	544466	545235	543884	543404	541557	543940	542398	544437	542334	541587	541516	546374	544342	543808	542081	542530	544239	540026	546005	547137	540752	550767	542158	542980	541647	541806	540879	543349	543275	544483	543258	544704	544471	545839	545440	543174	542566	540459	543273	542585	541791	542143	540872	542242	543666	544720	546926	541772	543332	544411	540112	541620	541652	545076	540717	541153	541666	541689	545349	539910	541371	544192	544269	540761	543533	542177	543281	540533	546132	538088	544713	540806	542850	543905	541193	539380	540008	541809	541532	542304	540399	543418	541860	537112	540387	544284	539994	
<type>Mr
<startTime>0
<compartment>1
<stat>median
<data>2608.48	7618.82	12810.4	17906.2	22954.1	27959.6	32877.4	37903.2	42762.6	47398.4	52381.8	56991.6	61495.2	66431.7	71378.8	75630.3	79791.3	84326.5	88952.3	93531	97736.4	101866	106525	110572	114492	118858	122983	127241	130788	134847	139029	143154	147286	150316	155424	158276	161804	166443	169128	173049	176821	181018	184374	188029	192328	195225	198349	201506	204726	207874	211075	214814	217020	220931	223635	227913	230383	234451	236668	240071	243141	246457	248705	253005	254657	257554	260847	263907	265811	269391	271037	275090	276834	280080	283319	284105	286747	290525	292862	295371	297154	300783	305032	305284	308714	309042	313756	314924	317934	320911	322111	323715	328214	328677	331186	336451	336477	337391	339456	343157	345772	345863	348053	350706	352633	356075	356630	358464	360308	362816	363539	367018	369356	371981	369456	375139	376434	377657	382223	382760	386314	385620	388224	388990	390362	392136	393665	393372	398891	396906	400316	401377	402917	403311	410728	408613	408490	413103	412044	416524	415560	419537	419939	422058	420933	424229	424474	425148	429782	427994	428320	432343	432319	432725	434611	435530	438607	437772	439009	442057	445066	445119	444424	448376	448203	448238	449865	454348	449953	453534	455161	456086	458624	458070	457708	459511	459796	460878	462490	462914	465803	464181	466480	469101	469418	473824	472225	472960	473900	475977	477639	476339	477604	478864	481604	477441	483586	481185	486091	485525	486372	489018	489665	488122	486786	490313	491655	489834	493743	492777	492038	493019	493365	494814	495460	494231	499430	494114	498711	500351	502937	500030	500932	499348	503494	498678	504731	503945	502297	501851	502248	505550	506404	506963	503834	506705	507063	507143	505420	505984	505089	506361	505977	505605	506360	504888	510056	508127	511002	512571	512593	512225	508799	510180	513264	510978	512055	513750	509467	514824	512847	507384	516382	515560	516105	515840	513961	513788	514628	512704	514199	515843	514119	516113	513004	514204	519569	518231	516280	517038	514051	517147	517020	515131	515121	516811	519142	517155	517360	518506	516448	520251	521073	520112	514898	518532	518985	519431	520138	521932	520496	523089	520319	521555	520723	520832	517650	520311	521301	520808	523020	518770	522126	523872	519660	522264	521296	522262	518782	524319	523518	520426	527451	523355	523304	523436	520858	521300	524097	518195	523337	522216	523646	521435	527896	525015	525708	523530	524038	529095	523909	524024	523310	522966	525209	525843	523081	528167	524792	524453	525964	524960	528830	525335	527026	523715	525906	526243	526890	523820	
<type>Mi
<startTime>0
<compartment>0
<stat>median
<data>3.14739	3.76311	3.82069	3.84739	3.90525	3.93771	4.01493	4.08236	4.14588	4.21507	4.32603	4.4126	4.54721	4.61086	4.7666	4.88007	5.00778	5.12749	5.25022	5.39983	5.54754	5.75025	5.88107	6.09255	6.34824	6.52935	6.70026	6.95199	7.12375	7.41943	7.61451	7.87672	8.19415	8.50109	8.8058	9.06535	9.40619	9.75032	10.0609	10.4165	10.7682	11.2822	11.6644	12.0663	12.4524	13.0198	13.492	13.8798	14.4516	14.9514	15.7565	16.1151	16.7777	17.5363	18.0878	18.7957	19.634	20.7517	21.0911	22.0763	23.0222	23.8388	24.4387	25.9309	26.6894	27.5916	29.1613	30.2543	31.3898	32.9295	34.3059	35.9914	37.2488	38.8691	40.3387	42.0069	43.3331	46.1871	47.736	50.1089	51.9407	53.9828	55.5211	59.0593	61.2886	63.6884	65.7404	68.7846	72.4166	74.6179	77.8451	82.1554	86.61	88.1264	92.8789	97.6389	101.316	105.029	111.246	114.25	120.619	129.825	136.959	137.336	144.812	151.827	158.837	164.937	175.725	178.045	186.546	199.113	208.239	215.195	225.044	235.394	247.732	255.778	264.555	274.931	295.103	303.554	311.938	330.133	349.168	363.447	384.31	404.055	421.129	440.638	463.558	474.882	496.914	518.23	574.744	566.589	601.895	623.751	675.951	689.101	711.425	767.56	790.867	801.277	851.354	902.001	951.211	993.21	1033.73	1086.47	1104.33	1196.67	1204	1338.78	1351.51	1429.71	1467.53	1560.73	1655.57	1643.31	1799.18	1866.49	1964.08	2069.06	2096.92	2254.67	2345.7	2468.05	2609.06	2764.63	2875.65	2960.11	3025.82	3291.43	3381.96	3579.42	3751.51	3968.07	4200.78	4262.82	4253.13	4564.4	4601.41	4480.17	4562.6	4317.18	4455.17	4457.2	4502.89	4228.01	4186.31	4356.97	4328.12	4205.22	4143.28	4164.72	4104.96	4028.94	4072.68	3806.89	3882.07	3806.88	3733.35	3653.41	3620.43	3666.39	3739.45	3532.21	3585.55	3484.91	3497.36	3377.68	3335.56	3330.63	3282.42	3291.67	3234.77	3267.25	3172.52	3204.09	3198.45	3116.72	3066.69	3080.14	3007.07	3006.93	2934.85	2943.26	2975.73	2824.14	2736.42	2830.15	2795.42	2743.11	2706.27	2638.83	2640.57	2604.07	2581.76	2506.35	2614.23	2462.25	2526.72	2458.67	2462.24	2409.28	2409.3	2429.79	2332.48	2403.84	2233.21	2312.26	2225.84	2251.28	2232.13	2204.98	2163.66	2190.36	2163.49	2164.98	2088.98	1934.44	2078.26	2047.73	2071.78	1964.83	1979.07	1992.03	1999.8	1879.43	1805.34	1925.79	1907.66	1831.56	1842.43	1773.48	1770.95	1786.92	1779.62	1727.51	1771.34	1766.78	1698.38	1688.8	1707.12	1620.81	1650.72	1602.35	1590.25	1528.55	1594.91	1588.33	1530.18	1512.71	1530.2	1502.69	1501.77	1446.27	1444.07	1421.11	1391.96	1397.6	1386.47	1404.34	1381.9	1392.13	1353.72	1351.78	1314.32	1296.97	1279.64	1291.45	1290.51	1247.98	1275.45	1215.66	1189.54	1223.05	1191.49	1168.64	1140.62	1188.72	1123.67	1167.82	1107.8	1133.06	1072.51	1138.99	1068.81	1107.9	1056.86	1065.98	1012.25	1053.04	1038.72	1008.76	1008.99	986.725	964.411	984.064	955.631	993.153	983.362	952.495	930.669	932.517	934.902	928.528	908.374	915.26	893.527	885.159	862.445	851.117	844.861	848.313	859.793	790.445	839.13	834.584	
<type>Mi
<startTime>0
<compartment>1
<stat>median
<data>2.6105e-024	0.000882232	0.00257574	0.00429113	0.00603129	0.00778614	0.00979367	0.0119279	0.0144057	0.0172412	0.0205532	0.0245643	0.0291954	0.034445	0.0406165	0.0477391	0.0558609	0.0657713	0.0766792	0.08798	0.102105	0.116461	0.13263	0.151242	0.170045	0.192132	0.214811	0.24036	0.266421	0.295538	0.326042	0.359378	0.395563	0.432854	0.470956	0.516717	0.561284	0.612219	0.666061	0.717672	0.770001	0.831049	0.894191	0.964286	1.03894	1.11818	1.20371	1.2834	1.38564	1.49302	1.60265	1.7051	1.83728	1.97952	2.09847	2.2519	2.4055	2.57899	2.76974	3.00977	3.13326	3.36368	3.54375	3.8942	4.2289	4.42764	4.7297	5.2064	5.41622	5.92548	6.38422	6.67331	7.18167	7.85039	8.55358	8.86351	9.43528	10.097	11.3849	12.0512	12.7338	13.7593	14.5333	16.0578	17.148	18.9622	20.4052	21.4911	23.1978	24.5492	25.8313	28.2067	30.4116	32.6072	35.6748	37.4181	40.0673	42.8294	46.3208	49.1718	53.9332	59.3505	61.0607	65.2967	67.76	76.5951	77.6401	84.7528	91.3766	93.8065	106.238	109.894	112.632	129.164	137.676	147.369	161.486	170.373	178.5	187.734	201.692	230.698	231.137	254.984	271.962	282.111	301.749	314.202	328.722	348.358	379.217	413.582	435.569	467.354	477.558	509.49	562.157	563.543	613.085	622.337	692.854	731.136	774.517	804.815	859.543	940.49	895.081	992.501	1073.22	1094.65	1175.81	1243.82	1257.18	1381.85	1366.91	1510.14	1567.59	1702.96	1658.7	1809.62	1903.91	2047.51	2133.89	2270.28	2317.25	2345.75	2552.67	2631.16	2761.88	2857.74	2966.8	3163.34	3266.99	3274.95	3585.82	3737.05	3679.8	4013.26	4006.22	4158.18	4301.84	4651.09	4815.49	4991.22	4849.65	5031.14	5265.81	5357.42	5483.4	5536.09	5638.84	5761.88	5897.18	5656.37	5644.21	6309.61	5913.94	6244.36	6150.29	6036.09	5922.81	5962.38	5953.93	6060.98	6207.64	6112.56	6159.22	6120.42	6104.55	6059.05	6079.41	6103.92	5998.5	5944.66	6105.39	6003.73	5949.61	5984.24	5658.7	5604.32	5581.14	5744.65	5617.16	5392.87	5367.88	5446.24	5506.22	5442.56	5441.96	5295.21	5315.19	5121.75	5237.14	5051.23	5194.68	5271.78	4932.16	5195.43	5098.89	5005.5	4891.26	4879.93	4836.19	4898.29	4732.25	4574.57	4579.3	4643.61	4266.58	4590.28	4601.16	4580.01	4370.39	4370.81	4558.2	4309.52	4379.67	4265.67	4161.42	4149.02	4239.08	4082.5	4085.74	4082.69	3950.7	3999.37	4138.54	3835.34	3942.99	3795.45	3724.31	3827.48	3762.93	3768.44	3726.01	3678.18	3585.86	3679.86	3696.57	3581.89	3567.69	3615.43	3492.24	3346	3373.62	3447.18	3343.71	3221.12	3284.71	3202.15	3168.55	3231.64	3066.25	3218.49	3161.8	3092.36	3055.42	2999.86	3073.47	2895.87	2948.11	2980.87	2858.27	2898.09	2861.91	2656.91	2793.02	2829.79	2709.68	2704.45	2618.48	2739.38	2685.45	2677.95	2574.62	2531.1	2481.97	2504.32	2369.6	2534.98	2459.16	2484.92	2390.16	2323.23	2399.14	2339.33	2311.34	2324.12	2282.11	2268.89	2249.5	2247.85	2180.25	2196.03	2207.51	2156.83	2160.23	2156.85	2094.19	2089.54	2060.06	2050.53	2043.36	2040.39	1982.87	1909.35	1911.56	1876.09	2038.62	1907.24	1849.56	1831.5	1865	1794.62	1832.51	1778.34	1780.39	1787.67	1798.58	1697.76	
