<fileType>outcome
<type>NoTB
<startTime>0
<compartment>0
<stat>median
<data>0	0	0	0	0	0	0	0	0	0	0	0	0	0	0	0	0	0	0	0	0	0	0	0	0	0	0	0	0	0	0	0	0	0	0	0	0	0	0	0	0	0	0	0	0	0	0	0	0	0	0	0	0	0	0	0	0	0	0	0	0	0	0	0	0	0	0	0	0	0	0	0	0	0	0	0	0	0	0	0	0	0	0	0	0	0	0	0	0	0	0	0	0	0	0	0	0	0	0	0	0	0	0	0	0	0	0	0	0	0	0	0	0	0	0	0	0	0	0	0	0	0	0	0	0	0	0	0	0	0	0	0	0	0	0	0	0	0	0	0	0	0	0	0	0	0	0	0	0	0	0	0	0	0	0	0	0	0	0	0	0	0	0	0	0	0	0	0	0	0	0	0	0	0	0	0	0	0	0	0	0	0	0	0	0	0	0	0	0	0	0	0	0	0	0	0	0	0	0	0	0	0	0	0	0	0	0	0	0	0	0	0	0	0	0	0	0	0	0	0	0	0	0	0	0	0	0	0	0	0	0	0	0	0	0	0	0	0	0	0	0	0	0	0	0	0	0	0	0	0	0	0	0	0	0	0	0	0	0	0	0	0	0	0	0	0	0	0	0	0	0	0	0	0	0	0	0	0	0	0	0	0	0	0	0	0	0	0	0	0	0	0	0	0	0	0	0	0	0	0	0	0	0	0	0	0	0	0	0	0	0	0	0	0	0	0	0	0	0	0	0	0	0	0	0	0	0	0	0	0	0	0	0	0	0	0	0	0	0	0	0	0	0	0	0	0	0	0	0	0	0	0	0	0	0	0	0	0	0	0	0	0	0	0	0	0	0	0	0	0	0	0	0	0	0	0	0	0	0	0	0	0	0	0	0	0	0	0	0	0	0	0	0	0	0	0	0	0	0	0	
<type>NoTB
<startTime>0
<compartment>0
<stat>p05
<data>0	0	0	0	0	0	0	0	0	0	0	0	0	0	0	0	0	0	0	0	0	0	0	0	0	0	0	0	0	0	0	0	0	0	0	0	0	0	0	0	0	0	0	0	0	0	0	0	0	0	0	0	0	0	0	0	0	0	0	0	0	0	0	0	0	0	0	0	0	0	0	0	0	0	0	0	0	0	0	0	0	0	0	0	0	0	0	0	0	0	0	0	0	0	0	0	0	0	0	0	0	0	0	0	0	0	0	0	0	0	0	0	0	0	0	0	0	0	0	0	0	0	0	0	0	0	0	0	0	0	0	0	0	0	0	0	0	0	0	0	0	0	0	0	0	0	0	0	0	0	0	0	0	0	0	0	0	0	0	0	0	0	0	0	0	0	0	0	0	0	0	0	0	0	0	0	0	0	0	0	0	0	0	0	0	0	0	0	0	0	0	0	0	0	0	0	0	0	0	0	0	0	0	0	0	0	0	0	0	0	0	0	0	0	0	0	0	0	0	0	0	0	0	0	0	0	0	0	0	0	0	0	0	0	0	0	0	0	0	0	0	0	0	0	0	0	0	0	0	0	0	0	0	0	0	0	0	0	0	0	0	0	0	0	0	0	0	0	0	0	0	0	0	0	0	0	0	0	0	0	0	0	0	0	0	0	0	0	0	0	0	0	0	0	0	0	0	0	0	0	0	0	0	0	0	0	0	0	0	0	0	0	0	0	0	0	0	0	0	0	0	0	0	0	0	0	0	0	0	0	0	0	0	0	0	0	0	0	0	0	0	0	0	0	0	0	0	0	0	0	0	0	0	0	0	0	0	0	0	0	0	0	0	0	0	0	0	0	0	0	0	0	0	0	0	0	0	0	0	0	0	0	0	0	0	0	0	0	0	0	0	0	0	0	0	0	0	0	0	0	
<type>NoTB
<startTime>0
<compartment>0
<stat>p95
<data>0	0	0	0	0	0	0	0	0	0	0	0	0	0	0	0	0	0	0	0	0	0	0	0	0	0	0	0	0	0	0	0	0	0	0	0	0	0	0	0	0	0	0	0	0	0	0	0	0	0	0	0	0	0	0	0	0	0	0	0	0	0	0	0	0	0	0	0	0	0	0	0	0	0	0	0	0	0	0	0	0	0	0	0	0	0	0	0	0	0	0	0	0	0	0	0	0	0	0	0	0	0	0	0	0	0	0	0	0	0	0	0	0	0	0	0	0	0	0	0	0	0	0	0	0	0	0	0	0	0	0	0	0	0	0	0	0	0	0	0	0	0	0	0	0	0	0	0	0	0	0	0	0	0	0	0	0	0	0	0	0	0	0	0	0	0	0	0	0	0	0	0	0	0	0	0	0	0	0	0	0	0	0	0	0	0	0	0	0	0	0	0	0	0	0	0	0	0	0	0	0	0	0	0	0	0	0	0	0	0	0	0	0	0	0	0	0	0	0	0	0	0	0	0	0	0	0	0	0	0	0	0	0	0	0	0	0	0	0	0	0	0	0	0	0	0	0	0	0	0	0	0	0	0	0	0	0	0	0	0	0	0	0	0	0	0	0	0	0	0	0	0	0	0	0	0	0	0	0	0	0	0	0	0	0	0	0	0	0	0	0	0	0	0	0	0	0	0	0	0	0	0	0	0	0	0	0	0	0	0	0	0	0	0	0	0	0	0	0	0	0	0	0	0	0	0	0	0	0	0	0	0	0	0	0	0	0	0	0	0	0	0	0	0	0	0	0	0	0	0	0	0	0	0	0	0	0	0	0	0	0	0	0	0	0	0	0	0	0	0	0	0	0	0	0	0	0	0	0	0	0	0	0	0	0	0	0	0	0	0	0	0	0	0	0	0	0	0	0	0	
<type>AcuteTB
<startTime>0
<compartment>0
<stat>median
<data>1	1	1	1	1	1	1	1	1	1	1	1	1	1	1	1	1	1	1	1	1	1	1	1	1	1	1	1	1	1	1	1	1	1	1	1	1	1	1	1	1	1	1	1	1	1	1	1	1	1	1	1	1	1	1	1	1	1	1	1	1	1	1	1	1	1	1	1	1	1	1	1	1	1	1	1	1	1	1	1	1	1	1	1	1	1	1	1	1	1	1	1	1	1	1	1	1	1	1	1	1	1	1	1	1	1	1	1	1	1	1	1	1	1	1	1	1	1	1	1	1	1	1	1	1	1	1	1	1	1	1	1	1	1	1	1	1	1	1	1	1	1	1	1	1	1	1	1	1	1	1	1	1	1	1	1	1	1	1	1	1	1	1	1	1	1	1	1	1	1	1	1	1	1	1	1	1	1	1	1	1	1	1	1	1	1	1	1	1	1	1	1	1	1	1	1	1	1	1	1	1	1	1	1	1	1	0.999	0.997	0.997	0.996	0.996	0.996	0.995	0.995	0.992	0.99	0.989	0.987	0.982	0.978	0.974	0.97	0.967	0.964	0.956	0.953	0.947	0.941	0.934	0.927	0.912	0.902	0.889	0.881	0.869	0.859	0.844	0.83	0.814	0.795	0.786	0.769	0.757	0.741	0.733	0.725	0.712	0.695	0.679	0.654	0.638	0.625	0.607	0.591	0.576	0.566	0.554	0.543	0.531	0.519	0.509	0.491	0.484	0.474	0.465	0.457	0.447	0.43	0.416	0.413	0.402	0.391	0.382	0.375	0.368	0.361	0.348	0.338	0.326	0.315	0.307	0.303	0.294	0.29	0.28	0.275	0.27	0.265	0.255	0.245	0.242	0.234	0.231	0.223	0.222	0.213	0.213	0.209	0.205	0.203	0.2	0.189	0.191	0.186	0.182	0.175	0.171	0.167	0.163	0.159	0.155	0.152	0.148	0.145	0.142	0.138	0.135	0.134	0.13	0.126	0.128	0.127	0.125	0.123	0.123	0.122	0.119	0.116	0.115	0.114	0.111	0.105	0.104	0.101	0.1	0.1	0.099	0.096	0.091	0.087	0.086	0.082	0.085	0.078	0.078	0.072	0.071	0.07	0.068	0.068	0.065	0.062	0.062	0.054	0.052	0.05	0.051	0.048	0.048	0.046	0.045	0.045	0.045	0.045	0.045	0.045	0.044	0.043	0.043	0.043	0.043	0.042	0.042	0.04	0.04	0.04	0.04	0.039	0.037	0.037	0.035	0.036	0.036	0.036	0.035	0.035	0.035	0.035	0.034	0.033	0.033	0.033	0.032	0.033	0.033	0.032	0.032	0.031	0.031	0.03	
<type>AcuteTB
<startTime>0
<compartment>0
<stat>p05
<data>1	1	1	1	1	1	1	1	1	1	1	1	1	1	1	1	1	1	1	1	1	1	1	1	1	1	1	1	1	1	1	1	1	1	1	1	1	1	1	1	1	1	1	1	1	1	1	1	1	1	1	1	1	1	1	1	1	1	1	1	1	1	1	1	1	1	1	1	1	1	1	1	1	1	1	1	1	1	1	1	1	1	1	1	1	1	1	1	1	1	1	1	1	1	1	1	1	1	1	1	1	1	1	1	1	1	1	1	1	1	1	1	1	1	1	1	1	1	1	1	1	1	1	1	1	1	1	1	1	1	1	1	1	1	1	1	1	1	1	1	1	1	1	1	1	1	1	1	1	1	1	1	1	1	1	1	1	1	1	1	1	1	1	1	1	1	1	1	1	1	1	1	1	1	1	1	1	1	1	1	1	1	1	1	1	1	1	1	1	1	1	1	1	1	1	1	1	1	1	1	1	1	1	1	1	1	0.996	0.993	0.992	0.991	0.991	0.992	0.99	0.99	0.985	0.983	0.981	0.978	0.972	0.967	0.963	0.958	0.955	0.949	0.941	0.939	0.929	0.924	0.916	0.909	0.893	0.882	0.867	0.855	0.845	0.834	0.818	0.805	0.786	0.769	0.758	0.74	0.724	0.711	0.703	0.694	0.68	0.661	0.65	0.621	0.605	0.592	0.571	0.557	0.54	0.532	0.517	0.507	0.494	0.481	0.474	0.456	0.448	0.436	0.428	0.419	0.41	0.394	0.38	0.378	0.369	0.361	0.348	0.341	0.334	0.33	0.314	0.305	0.297	0.284	0.275	0.27	0.262	0.26	0.25	0.247	0.241	0.236	0.223	0.214	0.214	0.211	0.204	0.197	0.196	0.187	0.189	0.185	0.179	0.18	0.177	0.164	0.166	0.162	0.158	0.151	0.145	0.141	0.14	0.133	0.131	0.128	0.125	0.12	0.119	0.116	0.113	0.11	0.107	0.104	0.106	0.105	0.102	0.101	0.101	0.099	0.097	0.093	0.092	0.093	0.091	0.085	0.083	0.082	0.079	0.078	0.08	0.075	0.073	0.068	0.067	0.064	0.067	0.062	0.059	0.056	0.053	0.053	0.05	0.051	0.049	0.047	0.046	0.039	0.037	0.036	0.037	0.033	0.034	0.033	0.031	0.03	0.031	0.032	0.031	0.031	0.03	0.029	0.03	0.03	0.029	0.029	0.029	0.026	0.028	0.027	0.026	0.026	0.026	0.025	0.024	0.025	0.025	0.024	0.024	0.023	0.023	0.023	0.023	0.021	0.021	0.02	0.021	0.021	0.021	0.021	0.021	0.02	0.019	0.019	
<type>AcuteTB
<startTime>0
<compartment>0
<stat>p95
<data>1	1	1	1	1	1	1	1	1	1	1	1	1	1	1	1	1	1	1	1	1	1	1	1	1	1	1	1	1	1	1	1	1	1	1	1	1	1	1	1	1	1	1	1	1	1	1	1	1	1	1	1	1	1	1	1	1	1	1	1	1	1	1	1	1	1	1	1	1	1	1	1	1	1	1	1	1	1	1	1	1	1	1	1	1	1	1	1	1	1	1	1	1	1	1	1	1	1	1	1	1	1	1	1	1	1	1	1	1	1	1	1	1	1	1	1	1	1	1	1	1	1	1	1	1	1	1	1	1	1	1	1	1	1	1	1	1	1	1	1	1	1	1	1	1	1	1	1	1	1	1	1	1	1	1	1	1	1	1	1	1	1	1	1	1	1	1	1	1	1	1	1	1	1	1	1	1	1	1	1	1	1	1	1	1	1	1	1	1	1	1	1	1	1	1	1	1	1	1	1	1	1	1	1	1	1	1	1	1	1	1	1	0.999	0.999	0.997	0.996	0.996	0.994	0.991	0.988	0.984	0.981	0.979	0.975	0.97	0.966	0.962	0.956	0.951	0.946	0.93	0.923	0.911	0.903	0.891	0.883	0.869	0.856	0.841	0.823	0.812	0.798	0.786	0.772	0.764	0.755	0.746	0.727	0.71	0.689	0.672	0.659	0.638	0.624	0.609	0.601	0.585	0.579	0.565	0.552	0.545	0.525	0.519	0.51	0.501	0.491	0.482	0.465	0.453	0.448	0.435	0.422	0.414	0.409	0.402	0.394	0.382	0.372	0.357	0.348	0.339	0.336	0.323	0.321	0.311	0.306	0.302	0.297	0.288	0.278	0.271	0.262	0.256	0.249	0.249	0.241	0.241	0.235	0.233	0.23	0.225	0.213	0.218	0.212	0.207	0.204	0.197	0.195	0.189	0.187	0.178	0.179	0.172	0.171	0.17	0.163	0.161	0.161	0.154	0.152	0.152	0.152	0.148	0.148	0.146	0.146	0.142	0.14	0.14	0.136	0.134	0.129	0.124	0.122	0.121	0.121	0.119	0.116	0.113	0.109	0.108	0.102	0.105	0.099	0.098	0.091	0.091	0.088	0.086	0.086	0.083	0.08	0.08	0.07	0.068	0.067	0.067	0.063	0.064	0.062	0.06	0.061	0.059	0.061	0.058	0.06	0.059	0.058	0.057	0.058	0.058	0.055	0.057	0.054	0.054	0.054	0.056	0.053	0.052	0.052	0.048	0.049	0.049	0.05	0.049	0.048	0.05	0.048	0.049	0.045	0.046	0.046	0.045	0.046	0.045	0.046	0.045	0.046	0.043	0.044	
<type>LatentTB
<startTime>0
<compartment>0
<stat>median
<data>0	0	0	0	0	0	0	0	0	0	0	0	0	0	0	0	0	0	0	0	0	0	0	0	0	0	0	0	0	0	0	0	0	0	0	0	0	0	0	0	0	0	0	0	0	0	0	0	0	0	0	0	0	0	0	0	0	0	0	0	0	0	0	0	0	0	0	0	0	0	0	0	0	0	0	0	0	0	0	0	0	0	0	0	0	0	0	0	0	0	0	0	0	0	0	0	0	0	0	0	0	0	0	0	0	0	0	0	0	0	0	0	0	0	0	0	0	0	0	0	0	0	0	0	0	0	0	0	0	0	0	0	0	0	0	0	0	0	0	0	0	0	0	0	0	0	0	0	0	0	0	0	0	0	0	0	0	0	0	0	0	0	0	0	0	0	0	0	0	0	0	0	0	0	0	0	0	0	0	0	0	0	0	0	0	0	0	0	0	0	0	0	0	0	0	0	0	0	0	0	0	0	0	0	0	0	0.001	0.003	0.003	0.004	0.004	0.004	0.005	0.005	0.008	0.01	0.011	0.013	0.018	0.022	0.026	0.03	0.033	0.037	0.044	0.046	0.054	0.058	0.066	0.072	0.086	0.097	0.109	0.116	0.129	0.138	0.152	0.167	0.181	0.199	0.207	0.224	0.238	0.252	0.261	0.268	0.281	0.299	0.315	0.339	0.354	0.368	0.386	0.401	0.417	0.425	0.437	0.447	0.459	0.471	0.479	0.498	0.504	0.515	0.523	0.53	0.541	0.558	0.571	0.574	0.584	0.597	0.606	0.613	0.618	0.624	0.634	0.643	0.656	0.665	0.674	0.678	0.687	0.691	0.698	0.7	0.705	0.708	0.718	0.729	0.729	0.734	0.737	0.743	0.743	0.752	0.75	0.755	0.754	0.757	0.761	0.77	0.767	0.773	0.772	0.774	0.776	0.78	0.781	0.785	0.79	0.791	0.794	0.796	0.795	0.797	0.802	0.8	0.8	0.801	0.8	0.795	0.797	0.796	0.796	0.796	0.796	0.794	0.791	0.79	0.789	0.79	0.791	0.79	0.785	0.782	0.781	0.779	0.782	0.783	0.78	0.78	0.774	0.775	0.773	0.773	0.769	0.768	0.768	0.763	0.763	0.761	0.762	0.768	0.77	0.767	0.765	0.767	0.765	0.761	0.76	0.76	0.761	0.759	0.76	0.76	0.762	0.762	0.762	0.762	0.762	0.763	0.763	0.766	0.764	0.766	0.765	0.766	0.767	0.767	0.769	0.769	0.769	0.77	0.769	0.77	0.77	0.771	0.77	0.772	0.773	0.773	0.77	0.772	0.773	0.773	0.772	0.773	0.774	0.774	
<type>LatentTB
<startTime>0
<compartment>0
<stat>p05
<data>0	0	0	0	0	0	0	0	0	0	0	0	0	0	0	0	0	0	0	0	0	0	0	0	0	0	0	0	0	0	0	0	0	0	0	0	0	0	0	0	0	0	0	0	0	0	0	0	0	0	0	0	0	0	0	0	0	0	0	0	0	0	0	0	0	0	0	0	0	0	0	0	0	0	0	0	0	0	0	0	0	0	0	0	0	0	0	0	0	0	0	0	0	0	0	0	0	0	0	0	0	0	0	0	0	0	0	0	0	0	0	0	0	0	0	0	0	0	0	0	0	0	0	0	0	0	0	0	0	0	0	0	0	0	0	0	0	0	0	0	0	0	0	0	0	0	0	0	0	0	0	0	0	0	0	0	0	0	0	0	0	0	0	0	0	0	0	0	0	0	0	0	0	0	0	0	0	0	0	0	0	0	0	0	0	0	0	0	0	0	0	0	0	0	0	0	0	0	0	0	0	0	0	0	0	0	0	0	0	0.001	0	0	0.001	0.001	0.002	0.004	0.005	0.006	0.01	0.013	0.016	0.019	0.021	0.025	0.031	0.033	0.038	0.043	0.05	0.054	0.067	0.077	0.087	0.095	0.106	0.117	0.125	0.141	0.155	0.173	0.18	0.195	0.208	0.221	0.229	0.236	0.253	0.269	0.282	0.303	0.32	0.334	0.356	0.365	0.38	0.389	0.401	0.413	0.423	0.436	0.447	0.464	0.469	0.482	0.489	0.494	0.505	0.524	0.534	0.539	0.549	0.562	0.574	0.581	0.584	0.588	0.602	0.612	0.62	0.633	0.638	0.645	0.655	0.655	0.665	0.668	0.676	0.678	0.684	0.698	0.697	0.705	0.706	0.712	0.709	0.722	0.721	0.724	0.724	0.727	0.73	0.74	0.739	0.744	0.744	0.745	0.748	0.75	0.754	0.757	0.76	0.761	0.766	0.769	0.765	0.769	0.773	0.772	0.772	0.775	0.769	0.767	0.769	0.769	0.767	0.767	0.769	0.767	0.764	0.762	0.758	0.761	0.763	0.761	0.755	0.754	0.752	0.749	0.754	0.756	0.751	0.748	0.746	0.746	0.741	0.744	0.739	0.74	0.737	0.734	0.732	0.734	0.732	0.738	0.739	0.738	0.735	0.738	0.735	0.732	0.73	0.729	0.731	0.73	0.73	0.732	0.734	0.731	0.735	0.735	0.732	0.732	0.731	0.735	0.736	0.734	0.734	0.735	0.739	0.739	0.737	0.739	0.74	0.741	0.737	0.741	0.74	0.738	0.739	0.743	0.743	0.741	0.745	0.744	0.745	0.744	0.748	0.745	0.746	0.748	
<type>LatentTB
<startTime>0
<compartment>0
<stat>p95
<data>0	0	0	0	0	0	0	0	0	0	0	0	0	0	0	0	0	0	0	0	0	0	0	0	0	0	0	0	0	0	0	0	0	0	0	0	0	0	0	0	0	0	0	0	0	0	0	0	0	0	0	0	0	0	0	0	0	0	0	0	0	0	0	0	0	0	0	0	0	0	0	0	0	0	0	0	0	0	0	0	0	0	0	0	0	0	0	0	0	0	0	0	0	0	0	0	0	0	0	0	0	0	0	0	0	0	0	0	0	0	0	0	0	0	0	0	0	0	0	0	0	0	0	0	0	0	0	0	0	0	0	0	0	0	0	0	0	0	0	0	0	0	0	0	0	0	0	0	0	0	0	0	0	0	0	0	0	0	0	0	0	0	0	0	0	0	0	0	0	0	0	0	0	0	0	0	0	0	0	0	0	0	0	0	0	0	0	0	0	0	0	0	0	0	0	0	0	0	0	0	0	0	0	0	0	0	0.003	0.008	0.008	0.009	0.009	0.009	0.011	0.011	0.015	0.018	0.02	0.022	0.028	0.032	0.038	0.043	0.045	0.051	0.06	0.063	0.07	0.077	0.084	0.091	0.106	0.118	0.132	0.138	0.152	0.162	0.177	0.192	0.21	0.228	0.237	0.252	0.266	0.284	0.293	0.303	0.314	0.332	0.347	0.373	0.389	0.403	0.424	0.437	0.449	0.457	0.473	0.483	0.494	0.504	0.515	0.535	0.542	0.549	0.559	0.57	0.574	0.59	0.607	0.607	0.615	0.63	0.638	0.646	0.651	0.657	0.668	0.677	0.69	0.699	0.709	0.71	0.721	0.721	0.729	0.734	0.734	0.741	0.749	0.759	0.761	0.765	0.766	0.774	0.774	0.783	0.781	0.783	0.785	0.785	0.787	0.802	0.796	0.801	0.803	0.802	0.807	0.808	0.808	0.814	0.817	0.818	0.822	0.827	0.823	0.825	0.828	0.828	0.829	0.828	0.827	0.823	0.825	0.824	0.825	0.825	0.823	0.823	0.818	0.817	0.817	0.818	0.816	0.821	0.813	0.811	0.811	0.806	0.811	0.814	0.806	0.811	0.802	0.805	0.803	0.801	0.799	0.797	0.794	0.792	0.792	0.793	0.79	0.798	0.799	0.798	0.796	0.794	0.794	0.791	0.79	0.789	0.79	0.79	0.791	0.79	0.79	0.791	0.791	0.791	0.79	0.792	0.794	0.794	0.794	0.794	0.794	0.795	0.798	0.796	0.799	0.797	0.797	0.798	0.798	0.799	0.801	0.801	0.8	0.801	0.801	0.799	0.799	0.802	0.798	0.799	0.798	0.797	0.801	0.801	
<type>ClearedTB
<startTime>0
<compartment>0
<stat>median
<data>0	0	0	0	0	0	0	0	0	0	0	0	0	0	0	0	0	0	0	0	0	0	0	0	0	0	0	0	0	0	0	0	0	0	0	0	0	0	0	0	0	0	0	0	0	0	0	0	0	0	0	0	0	0	0	0	0	0	0	0	0	0	0	0	0	0	0	0	0	0	0	0	0	0	0	0	0	0	0	0	0	0	0	0	0	0	0	0	0	0	0	0	0	0	0	0	0	0	0	0	0	0	0	0	0	0	0	0	0	0	0	0	0	0	0	0	0	0	0	0	0	0	0	0	0	0	0	0	0	0	0	0	0	0	0	0	0	0	0	0	0	0	0	0	0	0	0	0	0	0	0	0	0	0	0	0	0	0	0	0	0	0	0	0	0	0	0	0	0	0	0	0	0	0	0	0	0	0	0	0	0	0	0	0	0	0	0	0	0	0	0	0	0	0	0	0	0	0	0	0	0	0	0	0	0	0	0	0	0	0	0	0	0	0	0	0	0	0	0	0	0	0	0	0	0	0	0	0	0	0.001	0.001	0.001	0.002	0.003	0.003	0.003	0.004	0.004	0.004	0.005	0.006	0.006	0.006	0.006	0.006	0.006	0.006	0.006	0.006	0.007	0.007	0.007	0.008	0.008	0.008	0.009	0.01	0.011	0.011	0.011	0.011	0.011	0.011	0.011	0.012	0.013	0.013	0.013	0.013	0.013	0.013	0.013	0.013	0.013	0.014	0.015	0.017	0.018	0.018	0.018	0.019	0.02	0.02	0.021	0.023	0.024	0.025	0.025	0.027	0.027	0.029	0.03	0.032	0.033	0.034	0.035	0.037	0.037	0.04	0.04	0.04	0.041	0.042	0.042	0.047	0.05	0.052	0.053	0.054	0.055	0.055	0.057	0.057	0.058	0.062	0.065	0.065	0.066	0.07	0.073	0.073	0.078	0.078	0.081	0.081	0.082	0.085	0.09	0.092	0.096	0.101	0.103	0.106	0.109	0.114	0.117	0.12	0.124	0.127	0.13	0.134	0.137	0.142	0.145	0.15	0.155	0.16	0.162	0.166	0.169	0.171	0.173	0.176	0.178	0.179	0.181	0.182	0.184	0.187	0.191	0.195	0.195	0.195	0.195	0.195	0.195	0.194	0.194	0.195	0.196	0.195	0.195	0.195	0.194	0.195	0.194	0.195	0.194	0.194	0.194	0.195	0.195	0.195	0.195	0.195	0.194	0.194	0.195	0.195	0.194	0.195	0.195	0.195	0.195	0.194	0.194	0.196	0.195	0.195	0.194	
<type>ClearedTB
<startTime>0
<compartment>0
<stat>p05
<data>0	0	0	0	0	0	0	0	0	0	0	0	0	0	0	0	0	0	0	0	0	0	0	0	0	0	0	0	0	0	0	0	0	0	0	0	0	0	0	0	0	0	0	0	0	0	0	0	0	0	0	0	0	0	0	0	0	0	0	0	0	0	0	0	0	0	0	0	0	0	0	0	0	0	0	0	0	0	0	0	0	0	0	0	0	0	0	0	0	0	0	0	0	0	0	0	0	0	0	0	0	0	0	0	0	0	0	0	0	0	0	0	0	0	0	0	0	0	0	0	0	0	0	0	0	0	0	0	0	0	0	0	0	0	0	0	0	0	0	0	0	0	0	0	0	0	0	0	0	0	0	0	0	0	0	0	0	0	0	0	0	0	0	0	0	0	0	0	0	0	0	0	0	0	0	0	0	0	0	0	0	0	0	0	0	0	0	0	0	0	0	0	0	0	0	0	0	0	0	0	0	0	0	0	0	0	0	0	0	0	0	0	0	0	0	0	0	0	0	0	0	0	0	0	0	0	0	0	0	0	0	0	0	0	0	0	0	0	0	0.001	0.001	0.002	0.001	0.002	0.002	0.001	0.001	0.001	0.002	0.002	0.002	0.002	0.002	0.002	0.003	0.004	0.004	0.004	0.004	0.005	0.005	0.005	0.004	0.005	0.005	0.006	0.006	0.006	0.006	0.006	0.006	0.006	0.006	0.006	0.007	0.008	0.009	0.01	0.009	0.009	0.01	0.011	0.011	0.012	0.014	0.014	0.015	0.016	0.016	0.017	0.017	0.019	0.019	0.022	0.023	0.023	0.026	0.025	0.028	0.027	0.028	0.029	0.029	0.029	0.032	0.036	0.038	0.037	0.04	0.04	0.041	0.041	0.042	0.041	0.047	0.048	0.048	0.051	0.052	0.054	0.056	0.059	0.06	0.063	0.061	0.062	0.068	0.071	0.072	0.077	0.08	0.082	0.084	0.089	0.092	0.096	0.098	0.1	0.102	0.109	0.112	0.114	0.116	0.121	0.123	0.131	0.135	0.137	0.141	0.144	0.146	0.147	0.149	0.153	0.153	0.155	0.157	0.16	0.159	0.165	0.167	0.168	0.167	0.17	0.166	0.168	0.168	0.167	0.166	0.168	0.169	0.167	0.168	0.168	0.167	0.167	0.166	0.168	0.167	0.167	0.167	0.168	0.17	0.168	0.169	0.165	0.169	0.169	0.167	0.167	0.166	0.167	0.164	0.169	0.168	0.168	0.168	0.167	0.169	0.169	
<type>ClearedTB
<startTime>0
<compartment>0
<stat>p95
<data>0	0	0	0	0	0	0	0	0	0	0	0	0	0	0	0	0	0	0	0	0	0	0	0	0	0	0	0	0	0	0	0	0	0	0	0	0	0	0	0	0	0	0	0	0	0	0	0	0	0	0	0	0	0	0	0	0	0	0	0	0	0	0	0	0	0	0	0	0	0	0	0	0	0	0	0	0	0	0	0	0	0	0	0	0	0	0	0	0	0	0	0	0	0	0	0	0	0	0	0	0	0	0	0	0	0	0	0	0	0	0	0	0	0	0	0	0	0	0	0	0	0	0	0	0	0	0	0	0	0	0	0	0	0	0	0	0	0	0	0	0	0	0	0	0	0	0	0	0	0	0	0	0	0	0	0	0	0	0	0	0	0	0	0	0	0	0	0	0	0	0	0	0	0	0	0	0	0	0	0	0	0	0	0	0	0	0	0	0	0	0	0	0	0	0	0	0	0	0	0	0	0	0	0	0	0	0	0	0	0	0	0	0	0	0	0	0	0	0	0	0	0	0	0	0	0	0	0	0	0.004	0.004	0.003	0.006	0.007	0.008	0.007	0.009	0.01	0.009	0.01	0.012	0.012	0.012	0.012	0.012	0.012	0.012	0.012	0.012	0.014	0.014	0.013	0.015	0.015	0.015	0.016	0.018	0.019	0.018	0.02	0.019	0.019	0.019	0.019	0.02	0.022	0.022	0.021	0.021	0.022	0.022	0.021	0.021	0.021	0.023	0.024	0.026	0.029	0.028	0.028	0.03	0.03	0.031	0.033	0.034	0.036	0.035	0.037	0.039	0.039	0.041	0.043	0.046	0.045	0.046	0.049	0.05	0.049	0.053	0.054	0.052	0.056	0.057	0.058	0.063	0.067	0.069	0.069	0.072	0.071	0.073	0.075	0.074	0.077	0.078	0.082	0.082	0.084	0.089	0.091	0.092	0.098	0.099	0.101	0.102	0.101	0.105	0.11	0.113	0.118	0.122	0.125	0.129	0.132	0.136	0.139	0.144	0.149	0.15	0.154	0.159	0.163	0.165	0.171	0.175	0.18	0.188	0.187	0.193	0.196	0.197	0.201	0.203	0.206	0.21	0.209	0.211	0.212	0.216	0.217	0.223	0.222	0.223	0.222	0.224	0.223	0.223	0.225	0.222	0.223	0.224	0.224	0.221	0.222	0.225	0.223	0.224	0.222	0.222	0.222	0.222	0.222	0.221	0.223	0.224	0.224	0.222	0.222	0.224	0.221	0.221	0.225	0.222	0.222	0.225	0.222	0.224	0.223	0.225	0.223	
